TheTime,ozone4_serial,ozone_4_ad,ozone2_serial,ozone_2_ad,temp,TempoC
43502.67864747,38.47000,122.3415,38.54000,15302.57,162.5043,0.4312147
43502.67934192,38.26000,122.3415,37.26000,15302.74,162.5006,0.4320304
43502.68003636,38.23000,122.3415,37.33000,15303.93,162.4168,0.4311252
43502.68073081,38.34000,122.3415,36.88000,15303.59,162.5264,0.4311351
43502.68142525,38.17000,122.3415,36.36000,15302.74,162.5522,0.4312246
43502.68211969,38.56000,122.3415,39.71000,15304.61,162.5808,0.4308864
43502.68281414,38.58000,122.3415,37.19000,15305.80,162.5172,0.4313440
43502.68350859,37.81000,122.3415,34.91000,15304.61,162.4988,0.4316624
43502.68420303,38.66000,122.3415,39.43000,15304.27,162.4564,0.4314634
43502.68489747,38.99000,122.3415,39.12000,15304.78,162.4371,0.4313540
43502.68559192,39.10000,122.3415,41.28000,15305.29,162.5559,0.4315728
43502.68628636,38.69000,122.3415,39.26000,15306.31,162.5154,0.4312445
43502.68698081,38.52000,122.3415,39.42000,15305.63,162.5356,0.4313440
43502.68767525,38.51000,122.3415,38.47000,15305.63,162.4767,0.4313938
43502.68836969,37.85000,122.3415,35.76000,15305.63,162.5448,0.4311351
43502.68906413,38.25000,122.3415,36.85000,15307.66,162.4536,0.4312744
43502.68975859,38.67000,122.3415,38.49000,15306.47,162.5301,0.4318812
43502.69045302,38.73000,122.3415,39.39000,15306.31,162.4693,0.4312943
43502.69114748,38.58000,122.3415,38.83000,15308.34,162.5071,0.4312644
43502.69184191,38.54000,122.3415,38.19000,15308.00,162.5163,0.4313739
43502.69253636,38.56000,122.3415,38.92000,15307.15,162.5264,0.4314435
43502.69323081,37.72000,122.3415,35.47000,15308.51,162.5089,0.4310854
43502.69392525,38.05000,122.3415,36.23000,15307.66,162.4472,0.4311650
43502.69461969,38.18000,122.3415,38.15000,15307.49,162.5227,0.4312843
43502.69531414,38.55000,122.3415,39.69000,15308.51,162.4592,0.4313341
43502.69600858,38.39000,122.3415,38.14000,15307.32,162.4638,0.4315529
43502.69670303,38.42000,122.3415,38.40000,15309.53,162.4647,0.4313440
43502.69739747,38.22000,122.3415,38.20000,15308.34,162.4407,0.4310754
43502.69809191,37.78000,122.3415,36.56000,15308.17,162.3597,0.4315330
43502.69878636,37.93000,122.3415,37.46000,15308.00,162.4877,0.4314932
43502.69948080,38.34000,122.3415,39.10000,15308.85,162.5154,0.4315131
43502.70017525,37.96000,122.3415,36.83000,15308.00,162.4877,0.4311749
43502.70086969,38.54000,122.3415,38.25000,15308.68,162.5089,0.4315430
43502.70156413,38.14000,122.3415,36.60000,15309.19,162.5412,0.4310655
43502.70225860,38.08000,122.3415,37.41000,15309.53,162.5338,0.4311152
43502.70295303,38.68000,122.3415,40.41000,15308.34,162.5154,0.4315330
43502.70364747,38.16000,122.3415,38.07000,15307.66,162.5605,0.4313739
43502.70434191,38.41000,122.3415,39.30000,15308.68,162.4509,0.4313838
43502.70503636,37.62000,122.3415,35.01000,15308.34,162.5301,0.4316922
43502.70573080,37.87000,122.3415,36.70000,15308.00,162.5402,0.4309362
43502.70642525,38.28000,122.3415,38.40000,15308.68,162.4656,0.4315032
43502.70711970,38.45000,122.3415,38.62000,15309.02,162.5200,0.4314037
43502.70781414,38.66000,122.3415,39.90000,15308.17,162.5430,0.4315828
43502.70850860,37.97000,122.3415,38.10000,15308.68,162.4251,0.4312744
43502.70920302,37.65000,122.3415,36.29000,15308.68,162.4831,0.4316325
43502.70989747,38.41000,122.3415,38.66000,15308.68,162.4325,0.4316624
43502.71059191,38.05000,122.3415,37.35000,15310.04,162.5071,0.4314037
43502.71128636,38.33000,122.3415,38.37000,15309.02,162.4840,0.4315131
43502.71198082,37.98000,122.3415,37.45000,15309.19,162.4546,0.4310754
43502.71267524,37.80000,122.3415,35.68000,15309.53,162.5329,0.4313540
43502.71336969,37.93000,122.3415,36.82000,15308.34,162.4573,0.4314634
43502.71406414,38.08000,122.3415,37.71000,15309.53,162.4767,0.4313540
43502.71475857,37.70000,122.3415,36.37000,15310.21,162.5310,0.4308466
43502.71545302,38.10000,122.3415,37.54000,15309.36,162.5964,0.4320702
43502.71614747,38.33000,122.3415,38.78000,15309.53,162.3403,0.4315828
43502.71684192,37.83000,122.3415,35.23000,15311.23,162.4923,0.4308466
43502.71753636,38.59000,122.3415,39.62000,15310.72,162.5891,0.4314634
43502.71823080,38.11000,122.3415,37.77000,15309.19,162.5135,0.4312545
43502.71892525,38.24000,122.3415,38.65000,15309.70,162.5264,0.4314733
43502.71961969,38.06000,122.3415,38.64000,15309.19,162.5310,0.4307869
43502.72031414,38.04000,122.3415,38.98000,15309.53,162.5900,0.4312843
43502.72100859,38.43000,122.3415,38.88000,15309.19,162.5264,0.4318414
43502.72170304,38.48000,122.3415,40.84000,15309.70,162.4721,0.4318912
43502.72239747,37.69000,122.3415,37.39000,15310.89,162.4601,0.4312943
43502.72309192,37.28000,122.3415,35.44000,15308.85,162.4794,0.4317618
43502.72378635,37.73000,122.3415,36.95000,15310.89,162.4988,0.4312744
43502.72448082,37.97000,122.3415,37.93000,15309.53,162.4969,0.4316226
43502.72517525,37.69000,122.3415,37.65000,15309.53,162.4831,0.4313042
43502.72586970,38.13000,122.3415,37.91000,15310.38,162.5900,0.4319508
43502.72656414,38.23000,122.3415,39.07000,15311.40,162.4334,0.4315131
43502.72725858,38.06000,122.3415,37.55000,15311.57,162.5366,0.4313241
43502.72795303,38.23000,122.3415,39.02000,15311.57,162.5798,0.4315430
43502.72864747,38.13000,122.3415,37.21000,15310.89,162.4536,0.4323587
43502.72934191,38.34000,122.3415,37.93000,15310.89,162.3809,0.4308566
43502.73003636,38.38000,122.3415,38.61000,15311.74,162.6066,0.4314833
43502.73073081,37.85000,122.3415,35.30000,15311.06,162.5614,0.4319807
43502.73142524,38.55000,122.3415,38.16000,15310.89,162.4048,0.4322990
43502.73211970,38.66000,122.3415,38.99000,15311.40,162.4076,0.4312843
43502.73281414,38.42000,122.3415,37.84000,15311.23,162.5384,0.4319011
43502.73350859,38.23000,122.3415,37.10000,15311.23,162.4306,0.4317718
43502.73420303,38.66000,122.3415,39.32000,15311.06,162.4536,0.4315629
43502.73489748,38.51000,122.3415,38.43000,15310.72,162.5154,0.4320503
43502.73559191,38.22000,122.3415,36.81000,15311.06,162.4104,0.4310555
43502.73628636,38.28000,122.3415,37.18000,15310.55,162.5927,0.4315330
43502.73698081,38.52000,122.3415,37.88000,15311.06,162.5347,0.4320404
43502.73767525,39.00000,122.3415,39.91000,15311.23,162.4343,0.4312246
43502.73836970,38.58000,122.3415,39.48000,15310.89,162.6130,0.4315728
43502.73906414,38.44000,122.3415,37.94000,15309.70,162.4518,0.4314634
43502.73975858,38.61000,122.3415,38.73000,15311.06,162.4794,0.4318414
43502.74045302,38.26000,122.3415,37.47000,15309.53,162.4822,0.4319906
43502.74114747,38.42000,122.3415,38.29000,15309.19,162.4389,0.4314435
43502.74184192,38.11000,122.3415,37.80000,15310.21,162.4647,0.4314535
43502.74253636,38.30000,122.3415,38.70000,15309.02,162.5246,0.4313341
43502.74323080,37.72000,122.3415,35.46000,15309.70,162.5292,0.4315927
43502.74392525,38.19000,122.3415,38.53000,15308.51,162.5135,0.4316524
43502.74461969,38.02000,122.3415,38.63000,15308.51,162.5310,0.4315728
43502.74531413,38.23000,122.3415,38.52000,15308.34,162.4177,0.4313938
43502.74600859,38.01000,122.3415,36.75000,15307.15,162.5052,0.4311948
43502.74670303,37.72000,122.3415,36.56000,15307.83,162.5651,0.4318713
43502.74739747,37.89000,122.3415,37.56000,15306.64,162.4555,0.4312943
43502.74809191,38.05000,122.3415,38.61000,15305.80,162.5310,0.4307273
43502.74878636,37.95000,122.3415,37.02000,15306.81,162.6020,0.4312943
43502.74948080,38.16000,122.3415,37.39000,15306.64,162.5126,0.4318215
43502.75017525,37.52000,122.3415,35.43000,15305.12,162.4150,0.4309958
43502.75086969,37.92000,122.3415,37.37000,15303.76,162.5531,0.4315629
43502.75156414,38.12000,122.3415,38.16000,15304.27,162.4914,0.4308765
43502.75225858,38.48000,122.3415,40.00000,15304.95,162.5964,0.4314236
43502.75295303,37.91000,122.3415,38.32000,15303.25,162.4951,0.4314037
43502.75364749,37.96000,122.3415,37.24000,15304.61,162.5679,0.4315131
43502.75434191,37.67000,122.3415,35.80000,15304.27,162.5209,0.4308367
43502.75503636,37.79000,122.3415,38.99000,15302.40,162.5937,0.4308566
43502.75573080,37.89000,122.3415,37.61000,15302.23,162.6020,0.4312744
43502.75642525,37.47000,122.3415,36.33000,15301.72,162.4933,0.4319310
43502.75711970,37.73000,122.3415,37.37000,15301.55,162.4914,0.4303194
43502.75781414,37.45000,122.3415,35.18000,15300.70,162.7853,0.4305681
43502.75850858,38.11000,122.3415,37.27000,15301.04,162.6701,0.4348855
43502.75920302,37.99000,122.3415,36.78000,15299.85,162.0161,0.4305681
43502.75989747,37.87000,122.3415,37.29000,15299.34,162.5964,0.4312048
43502.76059192,37.77000,122.3415,38.66000,15299.34,162.4979,0.4322095
43502.76128636,38.05000,122.3415,37.29000,15298.49,162.4306,0.4322095
43502.76198080,38.09000,122.3415,36.72000,15297.81,162.4269,0.4300906
43502.76267525,38.27000,122.3415,38.41000,15296.62,162.7282,0.4333734
43502.76336969,37.92000,122.3415,37.60000,15297.47,162.2464,0.4260418
43502.76406414,38.12000,122.3415,37.39000,15296.11,163.3159,0.4301105
43502.76475858,37.53000,122.3415,36.04000,15297.13,162.6351,0.4316325
43502.76545302,38.13000,122.3415,38.75000,15295.43,162.4490,0.4302597
43502.76614747,37.95000,122.3415,37.61000,15296.45,162.6287,0.4309660
43502.76684191,37.93000,122.3415,38.16000,15293.56,162.6296,0.4309262
43502.76753636,37.78000,122.3415,38.09000,15295.43,162.5356,0.4312943
43502.76823080,37.75000,122.3415,36.93000,15294.41,162.5098,0.4311948
43502.76892525,37.80000,122.3415,37.64000,15292.88,162.5154,0.4312147
43502.76961970,37.76000,122.3415,36.96000,15291.18,162.5513,0.4312644
43502.77031415,37.77000,122.3415,38.77000,15291.01,162.5062,0.4307372
43502.77100859,37.55000,122.3415,37.94000,15291.01,162.6130,0.4310655
43502.77170302,37.16000,122.3415,37.02000,15289.83,162.5559,0.4308665
43502.77239747,37.20000,122.3415,37.07000,15291.01,162.6287,0.4315927
43502.77309191,37.22000,122.3415,37.37000,15289.66,162.4850,0.4311948
43502.77378636,37.51000,122.3415,37.27000,15289.66,162.4739,0.4303393
43502.77448080,37.31000,122.3415,37.47000,15288.47,162.7070,0.4316425
43502.77517525,37.15000,122.3415,37.20000,15287.11,162.4702,0.4309859
43502.77586969,36.82000,122.3415,36.85000,15286.60,162.5154,0.4291157
43502.77656413,37.19000,122.3415,36.23000,15286.94,162.8617,0.4331446
43502.77725858,36.92000,122.3415,36.17000,15285.07,162.2206,0.4274345
43502.77795303,37.50000,122.3415,36.87000,15285.58,163.0229,0.4311948
43502.77864747,37.19000,122.3415,36.09000,15285.07,162.5835,0.4337415
43502.77934191,37.16000,122.3415,36.88000,15285.41,162.1773,0.4315231
43502.78003636,37.23000,122.3415,37.42000,15285.24,162.3763,0.4363677
43502.78073080,37.27000,122.3415,38.79000,15284.56,161.3197,0.4314037
43502.78142525,36.87000,122.3415,35.51000,15285.07,162.2436,0.4290361
43502.78211969,36.85000,122.3415,34.74000,15284.73,162.7761,0.4291754
43502.78281414,37.49000,122.3415,38.46000,15284.22,162.6950,0.4312346
43502.78350858,37.19000,122.3415,36.71000,15283.71,162.5117,0.4305084
43502.78420303,36.96000,122.3415,36.41000,15283.88,162.5927,0.4310953
43502.78489747,37.10000,122.3415,36.48000,15285.07,162.5366,0.4311749
43502.78559192,36.92000,122.3415,36.16000,15282.18,162.5531,0.4307670
43502.78628636,36.94000,122.3415,36.07000,15283.37,162.5531,0.4311152
43502.78698080,37.58000,122.3415,37.49000,15283.20,162.5135,0.4310854
43502.78767525,37.49000,122.3415,38.31000,15282.69,162.5255,0.4311252
43502.78836969,36.68000,122.3415,35.11000,15283.37,162.5356,0.4310555
43502.78906415,37.47000,122.3415,38.46000,15283.71,162.5144,0.4297822
43502.78975858,37.03000,122.3415,36.14000,15282.52,162.7733,0.4302796
43502.79045303,37.02000,122.3415,36.70000,15282.35,162.6803,0.4301602
43502.79114748,37.00000,122.3415,37.57000,15282.18,162.6720,0.4303293
43502.79184192,37.02000,122.3415,37.90000,15282.52,162.6158,0.4277429
43502.79253636,36.69000,122.3415,36.23000,15281.33,163.2643,0.4276832
43502.79323079,36.51000,122.3415,33.68000,15280.31,163.1289,0.4301105
43502.79392524,37.39000,122.3415,37.42000,15279.12,162.7226,0.4294838
43502.79461969,37.22000,122.3415,38.60000,15280.99,162.6839,0.4330252
43502.79531415,36.54000,122.3415,34.66000,15281.33,162.0815,0.4293445
43502.79600858,36.86000,122.3415,36.79000,15278.95,162.8451,0.4307770
43502.79670302,37.22000,122.3415,37.26000,15278.61,162.6379,0.4308765
43502.79739747,36.93000,122.3415,36.83000,15278.27,162.5025,0.4312246
43502.79809191,36.83000,122.3415,36.83000,15277.93,162.5273,0.4316126
43502.79878636,36.56000,122.3415,35.67000,15278.27,162.3422,0.4315629
43502.79948080,36.92000,122.3415,36.43000,15277.93,162.4417,0.4301005
43502.80017525,37.22000,122.3415,38.16000,15277.76,162.7705,0.4311849
43502.80086969,37.00000,122.3415,37.18000,15276.57,162.4601,0.4308267
43502.80156414,36.93000,122.3415,36.27000,15275.72,162.5301,0.4309262
43502.80225858,36.45000,122.3415,34.58000,15275.89,162.5531,0.4299712
43502.80295303,37.21000,122.3415,37.52000,15273.35,162.6968,0.4297026
43502.80364747,36.68000,122.3415,35.75000,15272.67,162.6646,0.4321598
43502.80434192,37.21000,122.3415,36.46000,15273.68,162.3099,0.4345075
43502.80503636,36.86000,122.3415,36.50000,15271.99,161.8853,0.4306377
43502.80573080,36.64000,122.3415,35.43000,15271.48,162.5623,0.4289565
43502.80642525,37.09000,122.3415,36.86000,15272.33,162.7797,0.4325577
43502.80711969,37.21000,122.3415,39.27000,15270.97,162.2547,0.4308964
43502.80781414,36.37000,122.3415,35.97000,15270.12,162.6001,0.4309461
43502.80850858,36.92000,122.3415,38.23000,15269.27,162.4352,0.4322891
43502.80920303,36.35000,122.3415,36.31000,15269.61,162.2759,0.4310655
43502.80989747,36.83000,122.3415,36.63000,15268.76,162.4334,0.4308765
43502.81059192,36.63000,122.3415,36.04000,15268.76,162.5918,0.4291057
43502.81128636,36.64000,122.3415,37.00000,15269.10,162.8884,0.4282602
43502.81198081,36.96000,122.3415,35.89000,15268.25,162.9188,0.4261512
43502.81267524,36.88000,122.3415,36.27000,15266.55,163.4172,0.4338609
43502.81336969,36.77000,122.3415,36.05000,15267.06,162.1579,0.4320503
43502.81406414,36.73000,122.3415,36.81000,15265.70,162.2666,0.4312445
43502.81475859,36.70000,122.3415,36.82000,15265.70,162.4711,0.4328362
43502.81545304,36.56000,122.3415,36.42000,15264.34,162.2178,0.4302796
43502.81614747,36.72000,122.3415,36.33000,15262.98,162.5881,0.4289466
43502.81684191,36.77000,122.3415,36.60000,15264.17,162.8737,0.4269769
43502.81753636,36.85000,122.3415,35.70000,15264.34,163.2376,0.4307670
43502.81823081,36.23000,122.3415,34.68000,15263.49,162.6296,0.4343284
43502.81892525,36.59000,122.3415,35.41000,15262.47,161.8632,0.4304487
43502.81961969,36.49000,122.3415,36.54000,15260.94,162.5559,0.4291157
43502.82031413,36.33000,122.3415,35.29000,15260.09,162.7696,0.4306676
43502.82100859,36.85000,122.3415,36.22000,15258.73,162.5329,0.4309461
43502.82170303,37.23000,122.3415,38.65000,15259.58,162.4647,0.4320205
43502.82239747,36.71000,122.3415,37.55000,15259.24,162.1672,0.4281209
43502.82309191,36.29000,122.3415,36.75000,15259.92,162.8949,0.4307372
43502.82378637,36.48000,122.3415,36.53000,15258.56,162.3901,0.4296131
43502.82448081,36.66000,122.3415,35.76000,15256.70,162.8276,0.4303592
43502.82517525,36.54000,122.3415,36.07000,15257.37,162.6075,0.4305482
43502.82586969,36.72000,122.3415,36.28000,15256.70,162.6158,0.4304885
43502.82656414,36.51000,122.3415,35.56000,15256.02,162.5798,0.4300906
43502.82725859,36.72000,122.3415,36.78000,15254.49,162.6093,0.4306079
43502.82795303,36.35000,122.3415,35.36000,15255.17,162.5283,0.4304288
43502.82864746,36.63000,122.3415,36.70000,15255.85,162.6139,0.4300408
43502.82934192,36.64000,122.3415,35.67000,15254.49,162.6968,0.4299115
43502.83003636,36.80000,122.3415,36.53000,15254.66,162.6370,0.4305581
43502.83073082,36.38000,122.3415,35.85000,15253.98,162.5356,0.4305780
43502.83142527,36.72000,122.3415,36.49000,15254.66,162.5633,0.4302000
43502.83211969,36.56000,122.3415,35.76000,15254.66,162.6600,0.4302398
43502.83281414,36.81000,122.3415,37.79000,15253.81,162.5927,0.4298916
43502.83350858,36.43000,122.3415,36.30000,15253.64,162.6360,0.4308068
43502.83420303,36.38000,122.3415,35.21000,15254.15,162.5338,0.4277727
43502.83489747,36.42000,122.3415,35.87000,15253.64,163.1418,0.4290759
43502.83559191,36.01000,122.3415,35.69000,15253.64,162.7411,0.4304885
43502.83628636,36.49000,122.3415,36.60000,15254.49,162.5319,0.4302299
43502.83698082,36.56000,122.3415,36.01000,15253.81,162.6038,0.4289864
43502.83767526,36.68000,122.3415,37.51000,15253.81,162.8553,0.4297822
43502.83836969,36.44000,122.3415,36.07000,15253.47,162.7300,0.4308068
43502.83906413,36.78000,122.3415,36.14000,15253.13,162.4140,0.4257831
43502.83975857,36.66000,122.3415,35.63000,15252.28,163.4329,0.4281905
43502.84045303,36.73000,122.3415,36.62000,15250.41,163.0266,0.4300607
43502.84114749,36.53000,122.3415,36.82000,15251.60,162.5172,0.4298220
43502.84184191,36.17000,122.3415,35.75000,15250.92,162.6489,0.4340598
43502.84253636,36.52000,122.3415,35.49000,15251.77,162.0308,0.4297026
43502.84323080,36.36000,122.3415,35.84000,15250.92,162.7567,0.4307969
43502.84392525,36.54000,122.3415,35.95000,15251.09,162.5430,0.4261114
43502.84461969,36.84000,122.3415,36.90000,15250.92,163.0994,0.4300806
43502.84531413,36.76000,122.3415,36.43000,15250.92,162.6664,0.4313540
43502.84600858,36.19000,122.3415,36.25000,15249.90,162.5725,0.4303492
43502.84670303,36.36000,122.3415,34.89000,15250.92,162.4859,0.4315231
43502.84739747,36.56000,122.3415,36.50000,15249.90,162.4223,0.4299414
43502.84809192,36.50000,122.3415,36.44000,15250.07,162.6895,0.4302398
43502.84878636,36.53000,122.3415,36.63000,15252.11,162.5716,0.4304388
43502.84948080,36.25000,122.3415,35.23000,15250.58,162.5550,0.4301602
43502.85017525,36.58000,122.3415,35.46000,15251.43,162.6517,0.4308864
43502.85086969,36.58000,122.3415,35.25000,15249.90,162.4315,0.4298419
43502.85156414,36.63000,122.3415,35.60000,15250.24,162.6314,0.4300508
43502.85225858,36.75000,122.3415,36.94000,15251.43,162.6056,0.4303492
43502.85295303,36.46000,122.3415,36.49000,15250.24,162.5891,0.4302696
43502.85364747,36.32000,122.3415,36.18000,15249.90,162.6333,0.4300408
43502.85434192,36.53000,122.3415,37.05000,15249.56,162.5541,0.4302597
43502.85503636,36.37000,122.3415,35.60000,15249.90,162.5255,0.4302895
43502.85573081,36.17000,122.3415,35.42000,15248.71,162.6047,0.4299314
43502.85642525,36.65000,122.3415,36.18000,15249.39,162.5900,0.4303393
43502.85711969,36.46000,122.3415,35.65000,15249.90,162.6342,0.4303592
43502.85781413,36.35000,122.3415,34.60000,15249.05,162.5845,0.4299115
43502.85850858,36.58000,122.3415,36.03000,15249.39,162.6370,0.4302100
43502.85920303,36.17000,122.3415,35.70000,15248.54,162.5835,0.4303691
43502.85989747,36.53000,122.3415,37.41000,15249.73,162.5798,0.4302696
43502.86059191,36.42000,122.3415,36.41000,15249.22,162.5522,0.4299712
43502.86128636,36.61000,122.3415,35.79000,15249.90,162.5835,0.4302895
43502.86198080,36.28000,122.3415,36.40000,15250.24,162.5273,0.4301304
43502.86267525,36.53000,122.3415,36.39000,15249.73,162.6010,0.4303492
43502.86336969,36.67000,122.3415,37.01000,15250.41,162.5605,0.4298220
43502.86406414,36.24000,122.3415,35.73000,15249.39,162.6121,0.4300110
43502.86475859,36.26000,122.3415,35.56000,15249.22,162.6535,0.4304288
43502.86545303,36.22000,122.3415,36.21000,15249.39,162.5559,0.4301204
43502.86614748,36.55000,122.3415,35.91000,15249.05,162.6351,0.4304388
43502.86684191,36.54000,122.3415,36.49000,15248.88,162.5633,0.4301403
43502.86753637,36.32000,122.3415,35.39000,15250.58,162.5706,0.4300707
43502.86823080,36.46000,122.3415,36.08000,15251.43,162.6139,0.4301105
43502.86892525,36.67000,122.3415,36.99000,15249.90,162.6167,0.4302100
43502.86961970,36.59000,122.3415,36.07000,15250.58,162.5927,0.4301503
43502.87031413,36.12000,122.3415,35.81000,15250.41,162.6305,0.4303293
43502.87100858,36.29000,122.3415,35.24000,15249.56,162.6370,0.4300806
43502.87170303,36.42000,122.3415,35.39000,15251.09,162.6204,0.4300906
43502.87239747,36.20000,122.3415,36.34000,15249.73,162.6056,0.4301204
43502.87309192,36.09000,122.3415,35.95000,15250.07,162.6296,0.4303393
43502.87378635,36.30000,122.3415,35.31000,15250.58,162.6176,0.4298916
43502.87448080,36.85000,122.3415,37.15000,15250.07,162.6084,0.4302100
43502.87517527,36.53000,122.3415,36.57000,15250.75,162.6112,0.4301503
43502.87586970,36.59000,122.3415,34.99000,15251.26,162.6185,0.4303293
43502.87656413,35.96000,122.3415,35.93000,15249.39,162.6241,0.4301005
43502.87725858,36.21000,122.3415,35.76000,15249.90,162.6010,0.4302895
43502.87795303,36.37000,122.3415,35.99000,15249.90,162.6020,0.4301304
43502.87864748,36.66000,122.3415,37.40000,15250.41,162.5817,0.4301702
43502.87934192,36.46000,122.3415,35.74000,15250.41,162.6204,0.4300906
43502.88003636,36.17000,122.3415,34.16000,15250.24,162.6167,0.4300209
43502.88073080,36.49000,122.3415,35.52000,15250.41,162.6010,0.4299215
43502.88142525,36.32000,122.3415,35.36000,15250.07,162.6876,0.4303691
43502.88211969,36.35000,122.3415,36.13000,15249.73,162.6102,0.4298618
43502.88281414,36.17000,122.3415,35.45000,15248.71,162.6379,0.4302696
43502.88350859,36.76000,122.3415,36.86000,15250.07,162.6305,0.4301403
43502.88420303,36.47000,122.3415,36.39000,15250.07,162.5660,0.4302299
43502.88489748,36.64000,122.3415,37.71000,15250.24,162.6545,0.4301304
43502.88559191,36.55000,122.3415,35.92000,15249.73,162.6001,0.4298817
43502.88628636,36.38000,122.3415,35.46000,15249.22,162.6388,0.4300806
43502.88698080,36.52000,122.3415,36.57000,15250.92,162.6830,0.4302398
43502.88767525,36.53000,122.3415,37.01000,15250.07,162.5338,0.4298817
43502.88836969,36.22000,122.3415,35.52000,15250.07,162.6379,0.4303094
43502.88906413,36.32000,122.3415,36.32000,15249.90,162.5891,0.4299613
43502.88975859,36.15000,122.3415,35.15000,15248.71,162.6416,0.4301005
43502.89045303,36.71000,122.3415,36.87000,15249.39,162.6812,0.4302199
43502.89114747,36.41000,122.3415,36.85000,15248.20,162.6360,0.4300408
43502.89184191,36.52000,122.3415,35.86000,15249.22,162.5660,0.4300011
43502.89253636,36.44000,122.3415,36.75000,15249.90,162.6572,0.4300607
43502.89323080,36.48000,122.3415,36.40000,15249.73,162.5384,0.4301503
43502.89392525,36.48000,122.3415,35.74000,15247.52,162.5679,0.4302895
43502.89461969,36.24000,122.3415,36.43000,15249.56,162.5605,0.4300707
43502.89531414,36.08000,122.3415,36.54000,15248.88,162.6333,0.4298717
43502.89600858,36.63000,122.3415,36.31000,15249.73,162.5927,0.4300707
43502.89670303,36.32000,122.3415,36.26000,15249.22,162.5614,0.4300806
43502.89739748,36.55000,122.3415,36.73000,15249.39,162.6213,0.4300508
43502.89809191,36.55000,122.3415,35.97000,15250.24,162.6121,0.4301901
43502.89878636,36.17000,122.3415,36.26000,15248.71,162.6388,0.4303194
43502.89948080,35.96000,122.3415,35.01000,15250.41,162.6029,0.4300209
43502.90017525,36.56000,122.3415,35.85000,15250.41,162.5577,0.4305581
43502.90086969,36.22000,122.3415,35.95000,15250.75,162.6112,0.4300906
43502.90156413,36.32000,122.3415,36.45000,15251.60,162.5697,0.4302796
43502.90225858,36.38000,122.3415,36.14000,15252.45,162.6655,0.4300408
43502.90295304,36.19000,122.3415,34.99000,15252.79,162.6029,0.4302597
43502.90364747,36.62000,122.3415,36.85000,15252.79,162.5255,0.4288471
43502.90434192,36.34000,122.3415,35.85000,15253.81,162.8627,0.4307372
43502.90503636,36.34000,122.3415,36.52000,15252.96,162.5108,0.4300906
43502.90573081,36.52000,122.3415,35.73000,15255.00,162.6305,0.4295534
43502.90642525,36.52000,122.3415,35.28000,15254.15,162.7576,0.4307273
43502.90711969,36.56000,122.3415,36.25000,15254.32,162.5347,0.4304189
43502.90781413,36.73000,122.3415,37.47000,15253.64,162.5697,0.4298916
43502.90850859,36.51000,122.3415,37.17000,15254.66,162.6379,0.4302199
43502.90920303,36.06000,122.3415,36.12000,15254.49,162.5273,0.4301602
43502.90989748,36.64000,122.3415,36.30000,15254.15,162.6176,0.4304487
43502.91059192,36.65000,122.3415,36.17000,15255.85,162.5467,0.4299215
43502.91128637,36.35000,122.3415,36.06000,15253.64,162.6277,0.4303990
43502.91198081,36.36000,122.3415,36.26000,15253.64,162.5614,0.4302696
43502.91267525,36.53000,122.3415,36.33000,15255.17,162.5891,0.4300707
43502.91336970,36.35000,122.3415,35.70000,15252.11,162.5614,0.4303094
43502.91406413,36.51000,122.3415,36.52000,15253.30,162.6581,0.4303990
43502.91475859,36.42000,122.3415,36.47000,15253.13,162.5845,0.4302497
43502.91545305,36.59000,122.3415,36.46000,15252.62,162.6149,0.4308665
43502.91614747,36.21000,122.3415,36.00000,15251.94,162.5366,0.4311650
43502.91684192,36.57000,122.3415,35.84000,15252.96,162.4242,0.4300707
43502.91753636,36.34000,122.3415,36.39000,15251.43,162.5633,0.4306377
43502.91823080,36.46000,122.3415,36.37000,15251.43,162.6102,0.4279518
43502.91892525,36.19000,122.3415,35.58000,15251.60,162.6922,0.4303492
43502.91961969,36.21000,122.3415,35.33000,15249.56,162.4822,0.4302696
43502.92031414,36.27000,122.3415,35.55000,15249.90,162.5734,0.4296330
43502.92100859,36.15000,122.3415,36.53000,15249.05,162.7199,0.4304786
43502.92170303,36.11000,122.3415,36.42000,15249.73,162.4979,0.4301801
43502.92239748,36.11000,122.3415,35.12000,15249.39,162.6102,0.4284193
43502.92309192,36.05000,122.3415,35.52000,15248.54,163.0211,0.4307173
43502.92378636,35.95000,122.3415,34.98000,15249.05,162.5163,0.4303393
43502.92448081,36.26000,122.3415,35.47000,15247.86,162.6029,0.4301304
43502.92517525,36.38000,122.3415,36.76000,15248.03,162.6102,0.4300408
43502.92586969,36.10000,122.3415,36.49000,15248.54,162.6093,0.4300906
43502.92656413,35.85000,122.3415,35.45000,15247.86,162.6029,0.4304686
43502.92725858,35.88000,122.3415,35.03000,15247.18,162.5338,0.4304885
43502.92795302,36.02000,122.3415,35.17000,15246.33,162.5227,0.4303194
43502.92864747,36.29000,122.3415,35.92000,15245.82,162.5577,0.4314733
43502.92934192,36.18000,122.3415,36.55000,15247.86,162.4850,0.4304388
43502.93003637,36.18000,122.3415,36.15000,15246.33,162.6001,0.4293743
43502.93073080,35.62000,122.3415,34.63000,15247.86,162.6885,0.4304089
43502.93142524,35.86000,122.3415,35.74000,15247.86,162.6701,0.4302398
43502.93211969,35.89000,122.3415,35.71000,15249.56,162.5900,0.4297325
43502.93281414,36.06000,122.3415,35.96000,15247.52,162.6932,0.4298817
43502.93350858,36.01000,122.3415,35.82000,15249.05,162.6425,0.4300110
43502.93420302,35.80000,122.3415,35.32000,15248.71,162.5329,0.4308367
43502.93489747,35.62000,122.3415,34.96000,15248.54,162.4748,0.4302895
43502.93559193,35.51000,122.3415,34.42000,15249.56,162.6305,0.4301403
43502.93628636,35.58000,122.3415,35.19000,15248.88,162.5623,0.4300209
43502.93698080,35.78000,122.3415,35.91000,15249.22,162.6757,0.4298717
43502.93767524,36.23000,122.3415,36.80000,15249.56,162.5863,0.4302000
43502.93836969,35.49000,122.3415,34.64000,15248.88,162.5200,0.4303393
43502.93906413,35.41000,122.3415,34.45000,15249.39,162.6213,0.4303791
43502.93975858,36.02000,122.3415,36.01000,15249.22,162.6066,0.4300707
43502.94045302,35.96000,122.3415,35.66000,15250.24,162.6775,0.4301503
43502.94114747,35.77000,122.3415,35.56000,15249.39,162.5559,0.4298817
43502.94184192,35.83000,122.3415,35.91000,15248.37,162.6784,0.4304885
43502.94253636,35.94000,122.3415,36.22000,15248.71,162.5863,0.4306576
43502.94323081,35.61000,122.3415,34.87000,15248.20,162.5172,0.4304984
43502.94392526,35.57000,122.3415,35.06000,15249.05,162.5522,0.4298220
43502.94461971,35.59000,122.3415,34.72000,15247.52,162.6720,0.4300906
43502.94531414,35.60000,122.3415,35.64000,15248.20,162.6462,0.4299115
43502.94600859,35.44000,122.3415,35.91000,15247.86,162.6683,0.4304984
43502.94670303,35.13000,122.3415,34.80000,15246.84,162.5918,0.4303393
43502.94739747,35.59000,122.3415,34.12000,15247.86,162.5964,0.4302497
43502.94809192,35.57000,122.3415,35.19000,15248.20,162.6425,0.4301702
43502.94878636,35.76000,122.3415,35.96000,15247.35,162.5752,0.4300309
43502.94948080,35.81000,122.3415,36.26000,15246.16,162.5762,0.4301801
43502.95017525,36.12000,122.3415,35.90000,15246.16,162.6351,0.4299414
43502.95086969,35.58000,122.3415,34.93000,15245.31,162.6112,0.4302597
43502.95156414,35.55000,122.3415,35.36000,15245.82,162.6581,0.4298817
43502.95225858,35.76000,122.3415,35.56000,15244.29,162.6987,0.4300607
43502.95295303,35.67000,122.3415,35.26000,15243.95,162.5780,0.4295633
43502.95364747,35.52000,122.3415,35.64000,15245.65,162.6047,0.4303492
43502.95434192,35.77000,122.3415,34.70000,15244.63,162.5697,0.4298916
43502.95503636,35.55000,122.3415,35.93000,15243.95,162.6342,0.4298419
43502.95573081,35.76000,122.3415,35.09000,15243.61,162.6710,0.4295633
43502.95642525,35.75000,122.3415,35.17000,15244.97,162.6720,0.4306477
43502.95711969,35.46000,122.3415,34.72000,15243.61,162.4684,0.4296628
43502.95781413,35.66000,122.3415,34.78000,15244.80,162.7088,0.4302597
43502.95850858,35.72000,122.3415,34.97000,15244.80,162.5881,0.4301005
43502.95920303,35.49000,122.3415,34.74000,15243.10,162.5642,0.4299513
43502.95989747,35.57000,122.3415,35.32000,15245.14,162.6904,0.4302299
43502.96059192,35.54000,122.3415,35.51000,15244.46,162.5642,0.4303094
43502.96128636,35.62000,122.3415,35.06000,15245.31,162.6535,0.4300408
43502.96198083,35.67000,122.3415,34.69000,15247.86,162.5927,0.4300209
43502.96267525,35.63000,122.3415,35.56000,15246.16,162.6047,0.4301801
43502.96336969,35.60000,122.3415,35.98000,15247.01,162.5863,0.4302398
43502.96406413,35.71000,122.3415,35.66000,15247.35,162.6305,0.4303592
43502.96475858,35.85000,122.3415,36.09000,15248.54,162.5402,0.4302100
43502.96545302,35.77000,122.3415,35.26000,15247.86,162.6277,0.4301304
43502.96614747,35.68000,122.3415,34.71000,15248.88,162.5670,0.4301702
43502.96684192,35.45000,122.3415,35.28000,15247.35,162.5983,0.4299513
43502.96753636,35.95000,122.3415,35.74000,15248.03,162.6434,0.4301304
43502.96823080,35.40000,122.3415,34.59000,15249.39,162.6038,0.4302895
43502.96892525,35.42000,122.3415,35.12000,15249.05,162.5485,0.4301005
43502.96961969,35.70000,122.3415,36.20000,15249.39,162.5725,0.4301602
43502.97031414,35.63000,122.3415,35.49000,15247.52,162.6047,0.4302398
43502.97100858,35.47000,122.3415,34.86000,15248.37,162.6139,0.4302895
43502.97170302,35.42000,122.3415,35.02000,15247.86,162.5992,0.4300707
43502.97239747,36.19000,122.3415,36.60000,15248.20,162.5725,0.4303890
43502.97309192,35.49000,122.3415,35.25000,15247.35,162.6554,0.4301702
43502.97378637,35.37000,122.3415,33.46000,15248.54,162.6757,0.4304487
43502.97448081,35.53000,122.3415,35.43000,15247.01,162.5098,0.4300209
43502.97517525,35.62000,122.3415,36.16000,15247.01,162.6425,0.4301901
43502.97586970,35.63000,122.3415,35.06000,15247.52,162.6259,0.4302199
43502.97656413,35.63000,122.3415,34.64000,15246.84,162.6241,0.4301702
43502.97725858,35.79000,122.3415,34.86000,15245.48,162.6830,0.4300011
43502.97795303,35.73000,122.3415,35.06000,15245.31,162.6075,0.4301304
43502.97864747,35.80000,122.3415,35.89000,15243.61,162.6314,0.4299115
43502.97934193,35.77000,122.3415,36.45000,15244.80,162.6231,0.4298618
43502.98003637,35.68000,122.3415,35.40000,15242.59,162.6729,0.4301005
43502.98073080,35.51000,122.3415,34.13000,15243.78,162.6139,0.4300806
43502.98142525,35.34000,122.3415,34.37000,15244.80,162.6913,0.4300607
43502.98211969,35.42000,122.3415,34.22000,15244.29,162.5743,0.4300707
43502.98281414,35.52000,122.3415,34.94000,15244.97,162.6480,0.4301801
43502.98350858,35.46000,122.3415,34.78000,15244.97,162.6499,0.4300607
43502.98420303,35.54000,122.3415,35.69000,15245.14,162.5992,0.4299712
43502.98489747,35.28000,122.3415,34.36000,15245.48,162.6425,0.4301602
43502.98559192,35.55000,122.3415,34.69000,15245.31,162.5071,0.4300110
43502.98628636,35.44000,122.3415,35.42000,15245.31,162.6250,0.4301901
43502.98698081,35.73000,122.3415,35.51000,15245.65,162.6425,0.4300209
43502.98767525,35.57000,122.3415,35.07000,15245.65,162.5900,0.4299513
43502.98836969,35.06000,122.3415,34.50000,15246.67,162.5983,0.4300209
43502.98906413,35.29000,122.3415,34.64000,15247.86,162.5716,0.4301602
43502.98975858,35.51000,122.3415,35.81000,15246.67,162.6609,0.4301503
43502.99045303,35.43000,122.3415,35.53000,15248.54,162.5974,0.4298916
43502.99114747,35.39000,122.3415,35.45000,15249.39,162.6572,0.4302199
43502.99184192,35.25000,122.3415,35.17000,15247.35,162.6839,0.4301702
43502.99253635,35.47000,122.3415,34.89000,15249.56,162.6508,0.4300309
43502.99323080,35.44000,122.3415,36.18000,15248.54,162.5955,0.4303592
43502.99392525,35.36000,122.3415,34.31000,15249.22,162.5909,0.4304189
43502.99461970,35.63000,122.3415,35.77000,15248.71,162.7014,0.4303393
43502.99531413,35.63000,122.3415,36.07000,15250.07,162.6342,0.4299613
43502.99600858,35.54000,122.3415,36.19000,15249.05,162.6001,0.4299812
43502.99670303,35.46000,122.3415,34.93000,15249.39,162.5974,0.4304089
43502.99739748,35.36000,122.3415,34.71000,15248.37,162.6102,0.4301304
43502.99809192,34.99000,122.3415,34.29000,15249.90,162.5568,0.4301105
43502.99878636,35.17000,122.3415,34.48000,15247.86,162.6397,0.4302000
43502.99948080,34.94000,122.3415,34.18000,15248.71,162.5964,0.4300906
43503.00017525,35.44000,122.3415,35.24000,15248.20,162.6314,0.4303393
43503.00086969,35.36000,122.3415,35.33000,15246.84,162.5891,0.4301105
43503.00156414,35.35000,122.3415,35.52000,15247.18,162.6296,0.4300209
43503.00225858,35.05000,122.3415,36.30000,15246.84,162.5992,0.4303194
43503.00295302,35.24000,122.3415,35.13000,15246.84,162.5716,0.4302796
43503.00364749,35.32000,122.3415,34.54000,15245.99,162.5651,0.4286282
43503.00434191,35.00000,122.3415,34.19000,15244.63,162.8719,0.4286481
43503.00503636,34.59000,122.3415,33.67000,15244.46,162.7954,0.4258726
43503.00573080,35.13000,122.3415,34.34000,15244.97,163.3076,0.4308068
43503.00642524,34.94000,122.3415,34.31000,15244.97,162.5264,0.4317519
43503.00711969,35.00000,122.3415,35.42000,15245.48,162.1837,0.4303094
43503.00781413,35.12000,122.3415,35.73000,15244.46,162.5052,0.4300110
43503.00850858,35.32000,122.3415,34.91000,15243.44,162.6710,0.4293544
43503.00920303,35.02000,122.3415,35.01000,15242.93,162.7586,0.4298916
43503.00989747,34.53000,122.3415,34.64000,15244.12,162.6333,0.4299911
43503.01059192,34.85000,122.3415,34.35000,15242.59,162.5817,0.4298717
43503.01128636,34.82000,122.3415,34.63000,15243.44,162.6425,0.4306576
43503.01198080,34.44000,122.3415,33.37000,15244.29,162.5743,0.4297623
43503.01267525,34.45000,122.3415,33.15000,15243.44,162.7576,0.4300011
43503.01336969,34.12000,122.3415,34.15000,15243.10,162.5983,0.4305482
43503.01406414,33.94000,122.3415,32.92000,15243.44,162.4859,0.4310257
43503.01475858,33.80000,122.3415,32.13000,15244.46,162.4804,0.4299613
43503.01545303,33.96000,122.3415,32.72000,15246.67,162.6388,0.4300508
43503.01614747,33.92000,122.3415,33.22000,15247.52,162.6812,0.4288570
43503.01684191,34.05000,122.3415,33.90000,15246.67,162.8875,0.4302597
43503.01753636,34.33000,122.3415,33.65000,15248.03,162.6305,0.4289864
43503.01823081,34.05000,122.3415,33.82000,15247.35,162.8019,0.4297822
43503.01892525,33.85000,122.3415,33.78000,15248.20,162.7097,0.4299613
43503.01961969,33.77000,122.3415,32.87000,15248.20,162.5633,0.4326969
43503.02031414,34.07000,122.3415,34.01000,15248.54,162.0216,0.4307869
43503.02100858,33.80000,122.3415,33.11000,15246.50,162.4592,0.4291356
43503.02170302,33.55000,122.3415,33.20000,15247.86,162.6379,0.4289167
43503.02239747,34.02000,122.3415,34.45000,15247.52,162.7420,0.4320901
43503.02309191,34.23000,122.3415,34.46000,15248.03,162.3938,0.4328064
43503.02378636,34.09000,122.3415,33.84000,15247.69,161.9295,0.4297225
43503.02448080,34.02000,122.3415,33.46000,15249.05,162.7033,0.4313241
43503.02517525,33.77000,122.3415,33.47000,15247.86,162.4094,0.4281010
43503.02586969,34.01000,122.3415,34.35000,15248.37,163.0432,0.4303293
43503.02656413,34.18000,122.3415,34.10000,15247.01,162.6139,0.4309262
43503.02725858,34.01000,122.3415,34.23000,15248.37,162.4702,0.4257334
43503.02795303,34.14000,122.3415,34.80000,15246.50,163.4365,0.4268575
43503.02864747,33.63000,122.3415,33.19000,15248.54,163.3315,0.4311451
43503.02934192,33.87000,122.3415,33.06000,15247.35,162.4813,0.4282303
43503.03003637,33.45000,122.3415,32.57000,15247.18,162.8000,0.4295434
43503.03073080,33.53000,122.3415,31.73000,15244.63,162.7880,0.4306477
43503.03142524,33.41000,122.3415,32.65000,15245.31,162.5725,0.4291953
43503.03211969,33.64000,122.3415,32.66000,15245.82,162.8369,0.4306178
43503.03281413,33.65000,122.3415,33.40000,15244.97,162.5209,0.4312147
43503.03350858,33.94000,122.3415,34.69000,15244.63,162.4619,0.4304288
43503.03420303,33.92000,122.3415,34.09000,15245.31,162.5550,0.4299712
43503.03489747,33.70000,122.3415,33.90000,15244.29,162.6480,0.4300209
43503.03559192,34.02000,122.3415,32.94000,15243.27,162.6149,0.4300408
43503.03628636,33.99000,122.3415,33.82000,15243.78,162.6149,0.4298518
43503.03698081,34.06000,122.3415,33.51000,15244.29,162.6370,0.4294937
43503.03767525,33.68000,122.3415,33.84000,15243.27,162.6158,0.4303492
43503.03836969,33.60000,122.3415,32.74000,15242.42,162.5900,0.4299016
43503.03906414,33.12000,122.3415,32.17000,15242.76,162.6130,0.4299115
43503.03975858,33.19000,122.3415,32.44000,15243.44,162.6231,0.4298220
43503.04045303,32.74000,122.3415,30.97000,15244.29,162.6683,0.4300408
43503.04114747,33.22000,122.3415,31.59000,15244.97,162.6250,0.4292649
43503.04184192,32.97000,122.3415,32.63000,15245.14,162.7401,0.4305880
43503.04253637,32.88000,122.3415,31.64000,15245.65,162.5301,0.4302796
43503.04323081,33.50000,122.3415,33.12000,15245.65,162.5955,0.4292450
43503.04392525,33.16000,122.3415,34.17000,15245.65,162.7899,0.4301304
43503.04461969,32.56000,122.3415,32.22000,15246.84,162.6277,0.4301105
43503.04531415,32.61000,122.3415,32.38000,15248.03,162.6149,0.4295733
43503.04600858,33.29000,122.3415,33.47000,15247.86,162.7189,0.4301304
43503.04670303,33.03000,122.3415,33.19000,15248.71,162.6508,0.4307869
43503.04739748,33.47000,122.3415,33.56000,15248.88,162.5881,0.4318016
43503.04809191,32.96000,122.3415,33.19000,15248.54,162.3348,0.4292052
43503.04878637,32.91000,122.3415,32.77000,15247.35,162.7171,0.4288670
43503.04948080,33.17000,122.3415,32.50000,15249.39,162.7392,0.4344279
43503.05017525,33.18000,122.3415,32.87000,15248.88,161.9848,0.4364772
43503.05086969,32.93000,122.3415,33.18000,15249.39,161.4284,0.4312644
43503.05156414,32.76000,122.3415,32.73000,15249.39,162.4389,0.4301005
43503.05225858,33.04000,122.3415,32.63000,15248.71,162.6563,0.4344876
43503.05295303,33.03000,122.3415,32.38000,15249.39,162.1358,0.4313241
43503.05364748,33.40000,122.3415,32.63000,15249.39,162.4527,0.4296330
43503.05434193,33.18000,122.3415,33.39000,15247.69,162.8111,0.4305482
43503.05503636,33.47000,122.3415,33.59000,15248.03,162.5660,0.4297921
43503.05573080,33.30000,122.3415,33.51000,15248.88,162.6084,0.4304487
43503.05642525,33.25000,122.3415,32.90000,15246.33,162.5393,0.4299613
43503.05711969,32.87000,122.3415,32.98000,15247.18,162.5946,0.4301901
43503.05781414,32.63000,122.3415,32.56000,15247.35,162.6618,0.4302100
43503.05850858,32.35000,122.3415,31.24000,15247.18,162.5992,0.4299812
43503.05920303,32.42000,122.3415,30.59000,15247.35,162.6195,0.4300508
43503.05989747,32.39000,122.3415,32.29000,15247.69,162.5255,0.4301304
43503.06059192,32.71000,122.3415,31.87000,15245.99,162.5854,0.4302895
43503.06128636,32.64000,122.3415,32.12000,15243.78,162.5909,0.4302796
43503.06198080,32.60000,122.3415,31.73000,15245.99,162.6047,0.4302000
43503.06267524,32.78000,122.3415,32.64000,15245.65,162.6195,0.4304189
43503.06336969,32.73000,122.3415,32.79000,15244.80,162.5835,0.4294539
43503.06406414,32.34000,122.3415,32.37000,15243.78,162.7668,0.4302796
43503.06475858,32.23000,122.3415,31.96000,15243.44,162.6056,0.4298817
43503.06545302,32.29000,122.3415,31.74000,15243.95,162.6876,0.4302398
43503.06614747,32.44000,122.3415,30.97000,15246.16,162.5679,0.4300309
43503.06684192,32.15000,122.3415,31.16000,15244.97,162.6075,0.4288869
43503.06753637,32.39000,122.3415,31.64000,15244.46,162.8673,0.4289963
43503.06823081,32.50000,122.3415,32.45000,15242.93,162.8912,0.4291754
43503.06892524,32.85000,122.3415,33.42000,15245.14,162.7014,0.4274444
43503.06961969,32.67000,122.3415,33.14000,15244.97,163.2081,0.4310356
43503.07031414,32.63000,122.3415,32.72000,15247.35,162.5080,0.4315629
43503.07100858,32.49000,122.3415,32.27000,15246.16,162.4223,0.4317220
43503.07170303,32.65000,122.3415,31.72000,15247.01,162.4057,0.4324085
43503.07239747,32.52000,122.3415,32.93000,15246.16,162.2805,0.4315629
43503.07309192,32.89000,122.3415,33.67000,15245.99,162.5181,0.4319210
43503.07378636,32.89000,122.3415,33.76000,15247.18,162.2630,0.4322194
43503.07448080,32.92000,122.3415,32.45000,15248.37,162.2362,0.4329655
43503.07517525,32.49000,122.3415,31.70000,15247.52,162.2639,0.4258826
43503.07586969,32.94000,122.3415,31.94000,15249.39,163.2385,0.4272952
43503.07656413,32.75000,122.3415,32.53000,15248.37,163.0837,0.4292649
43503.07725858,32.49000,122.3415,31.97000,15249.22,162.7374,0.4329556
43503.07795303,32.93000,122.3415,32.29000,15248.88,162.2298,0.4302497
43503.07864748,32.89000,122.3415,32.73000,15247.52,162.6867,0.4314535
43503.07934192,33.07000,122.3415,33.69000,15248.20,162.4205,0.4284890
43503.08003636,33.02000,122.3415,33.44000,15248.88,162.8147,0.4316922
43503.08073081,32.96000,122.3415,33.48000,15249.22,162.2657,0.4295136
43503.08142525,32.80000,122.3415,32.32000,15247.69,162.7825,0.4333038
43503.08211969,32.74000,122.3415,31.94000,15246.67,162.2012,0.4307074
43503.08281414,32.64000,122.3415,31.70000,15247.18,162.4914,0.4305283
43503.08350858,32.99000,122.3415,32.59000,15246.67,162.5798,0.4311849
43503.08420302,32.88000,122.3415,32.37000,15247.01,162.4675,0.4295832
43503.08489747,32.69000,122.3415,31.09000,15247.86,162.6324,0.4314435
43503.08559191,32.50000,122.3415,31.87000,15247.18,162.3247,0.4274544
43503.08628636,32.82000,122.3415,31.46000,15248.03,163.0681,0.4277130
43503.08698082,32.56000,122.3415,31.68000,15248.03,162.9621,0.4307969
43503.08767525,32.21000,122.3415,30.69000,15248.37,162.5255,0.4309063
43503.08836969,32.53000,122.3415,32.19000,15248.54,162.4352,0.4302995
43503.08906413,33.20000,122.3415,33.60000,15248.71,162.4997,0.4317320
43503.08975857,33.33000,122.3415,34.52000,15249.05,162.2731,0.4266486
43503.09045302,33.10000,122.3415,32.52000,15248.88,163.0303,0.4328561
43503.09114747,33.22000,122.3415,33.15000,15249.90,162.1681,0.4326572
43503.09184192,33.23000,122.3415,33.10000,15250.24,162.2455,0.4291555
43503.09253636,33.02000,122.3415,32.53000,15250.58,162.7991,0.4304288
43503.09323081,33.33000,122.3415,33.33000,15250.41,162.5485,0.4311053
43503.09392524,33.25000,122.3415,33.55000,15249.73,162.4085,0.4305681
43503.09461970,33.00000,122.3415,31.91000,15249.90,162.5458,0.4302497
43503.09531413,33.23000,122.3415,33.21000,15250.75,162.5504,0.4303890
43503.09600858,33.49000,122.3415,33.02000,15249.56,162.5697,0.4307273
43503.09670303,33.22000,122.3415,32.81000,15251.43,162.5227,0.4293644
43503.09739748,33.56000,122.3415,33.38000,15250.41,162.7595,0.4308267
43503.09809191,33.38000,122.3415,33.53000,15250.41,162.4518,0.4301304
43503.09878637,33.22000,122.3415,32.83000,15250.58,162.6204,0.4302299
43503.09948080,33.22000,122.3415,33.48000,15249.73,162.5605,0.4304288
43503.10017525,33.03000,122.3415,33.77000,15250.58,162.5531,0.4301204
43503.10086969,33.50000,122.3415,33.75000,15248.71,162.6112,0.4298717
43503.10156413,32.93000,122.3415,33.16000,15250.24,162.6222,0.4307173
43503.10225857,32.80000,122.3415,32.18000,15248.71,162.4969,0.4299314
43503.10295303,33.16000,122.3415,31.82000,15249.90,162.6858,0.4299513
43503.10364747,33.11000,122.3415,32.73000,15248.03,162.6112,0.4304984
43503.10434192,32.86000,122.3415,32.50000,15249.05,162.5319,0.4299414
43503.10503636,33.04000,122.3415,32.19000,15247.86,162.6406,0.4306974
43503.10573081,33.17000,122.3415,32.54000,15249.22,162.4942,0.4300906
43503.10642526,33.10000,122.3415,32.72000,15249.73,162.5209,0.4301503
43503.10711970,32.97000,122.3415,32.82000,15249.22,162.5642,0.4304885
43503.10781414,32.99000,122.3415,32.73000,15249.90,162.4850,0.4300607
43503.10850859,32.87000,122.3415,32.29000,15249.56,162.6222,0.4300209
43503.10920302,33.02000,122.3415,32.58000,15249.73,162.6056,0.4300309
43503.10989747,33.06000,122.3415,32.85000,15251.09,162.6029,0.4309362
43503.11059191,32.82000,122.3415,31.99000,15251.77,162.4840,0.4299016
43503.11128636,33.09000,122.3415,32.79000,15251.43,162.6112,0.4309958
43503.11198079,33.08000,122.3415,32.86000,15251.77,162.5780,0.4306477
43503.11267524,32.95000,122.3415,32.37000,15251.77,162.4325,0.4308267
43503.11336969,32.94000,122.3415,32.53000,15251.26,162.4951,0.4303293
43503.11406414,33.35000,122.3415,32.72000,15251.77,162.4813,0.4308964
43503.11475858,33.32000,122.3415,32.51000,15252.45,162.5762,0.4293843
43503.11545303,33.07000,122.3415,33.02000,15251.77,162.7613,0.4312545
43503.11614747,32.81000,122.3415,33.14000,15251.60,162.4675,0.4303990
43503.11684191,33.40000,122.3415,33.86000,15251.60,162.5863,0.4298618
43503.11753636,33.24000,122.3415,33.29000,15251.43,162.6563,0.4301702
43503.11823080,32.85000,122.3415,32.61000,15250.41,162.6453,0.4307074
43503.11892525,33.03000,122.3415,32.45000,15251.09,162.5126,0.4299712
43503.11961969,33.39000,122.3415,32.70000,15250.41,162.5992,0.4305183
43503.12031414,32.85000,122.3415,32.61000,15250.58,162.5448,0.4301901
43503.12100858,33.12000,122.3415,33.13000,15250.24,162.5955,0.4304388
43503.12170302,33.05000,122.3415,32.96000,15250.58,162.5135,0.4301801
43503.12239747,32.70000,122.3415,32.85000,15250.41,162.6821,0.4312346
43503.12309193,33.01000,122.3415,33.02000,15248.71,162.4693,0.4342090
43503.12378637,32.91000,122.3415,33.60000,15248.20,162.0013,0.4308864
43503.12448080,32.96000,122.3415,32.86000,15248.03,162.4702,0.4314037
43503.12517525,33.30000,122.3415,33.00000,15247.18,162.4509,0.4308466
43503.12586970,33.02000,122.3415,32.70000,15246.67,162.5513,0.4313440
43503.12656414,33.01000,122.3415,32.51000,15247.01,162.3634,0.4328163
43503.12725858,32.74000,122.3415,32.28000,15248.03,162.2713,0.4314535
43503.12795302,32.90000,122.3415,32.75000,15247.52,162.4131,0.4296628
43503.12864749,33.23000,122.3415,32.07000,15245.99,162.4794,0.4323985
43503.12934192,32.88000,122.3415,32.60000,15247.35,162.0686,0.4373128
43503.13003636,33.13000,122.3415,32.36000,15245.99,161.7886,0.4314435
43503.13073080,33.41000,122.3415,32.68000,15245.14,162.4868,0.4288172
43503.13142525,33.58000,122.3415,32.54000,15246.33,162.8774,0.4281209
43503.13211969,33.67000,122.3415,32.39000,15246.50,162.8903,0.4314236
43503.13281414,33.41000,122.3415,32.67000,15247.52,162.3965,0.4323886
43503.13350858,33.27000,122.3415,33.32000,15247.86,162.1662,0.4327268
43503.13420303,33.06000,122.3415,33.67000,15248.37,162.2077,0.4294937
43503.13489747,32.98000,122.3415,32.18000,15248.71,162.7374,0.4289665
43503.13559192,33.19000,122.3415,31.86000,15248.20,162.8221,0.4299115
43503.13628636,32.62000,122.3415,32.06000,15248.03,162.6489,0.4298518
43503.13698080,33.02000,122.3415,32.90000,15249.39,162.7199,0.4306377
43503.13767525,33.37000,122.3415,33.58000,15250.58,162.5071,0.4302696
43503.13836969,33.55000,122.3415,33.29000,15250.07,162.6195,0.4307273
43503.13906414,33.54000,122.3415,33.60000,15250.75,162.5587,0.4291356
43503.13975858,33.59000,122.3415,33.56000,15249.22,162.7586,0.4318613
43503.14045303,33.35000,122.3415,32.71000,15249.56,162.4002,0.4289565
43503.14114746,33.47000,122.3415,33.13000,15250.75,162.8488,0.4320205
43503.14184192,33.79000,122.3415,33.25000,15250.92,162.3357,0.4319608
43503.14253637,33.67000,122.3415,33.50000,15250.58,162.4168,0.4279219
43503.14323081,33.35000,122.3415,32.97000,15250.07,162.8074,0.4310655
43503.14392525,33.62000,122.3415,33.23000,15250.41,162.4407,0.4304487
43503.14461969,33.21000,122.3415,33.16000,15249.39,162.5642,0.4298419
43503.14531413,33.69000,122.3415,32.99000,15249.22,162.6757,0.4304587
43503.14600858,33.36000,122.3415,33.20000,15251.09,162.5974,0.4304288
43503.14670303,33.57000,122.3415,33.06000,15250.24,162.5402,0.4301105
43503.14739747,33.43000,122.3415,33.03000,15250.92,162.5780,0.4299115
43503.14809192,33.59000,122.3415,34.15000,15249.56,162.6959,0.4302299
43503.14878636,33.64000,122.3415,33.94000,15249.56,162.5863,0.4303691
43503.14948080,33.26000,122.3415,33.15000,15250.07,162.5835,0.4301304
43503.15017526,33.57000,122.3415,32.87000,15249.90,162.6360,0.4302299
43503.15086969,33.70000,122.3415,33.04000,15250.58,162.5485,0.4302199
43503.15156414,33.92000,122.3415,33.23000,15250.75,162.6388,0.4302497
43503.15225858,33.48000,122.3415,32.95000,15251.43,162.6370,0.4301005
43503.15295303,33.77000,122.3415,33.31000,15251.09,162.5163,0.4301105
43503.15364747,33.72000,122.3415,33.47000,15251.77,162.6692,0.4307372
43503.15434191,33.56000,122.3415,33.05000,15252.28,162.5209,0.4303293
43503.15503637,33.64000,122.3415,33.24000,15250.92,162.5955,0.4301503
43503.15573081,33.86000,122.3415,33.59000,15254.15,162.5780,0.4298120
43503.15642525,33.91000,122.3415,33.86000,15252.62,162.6757,0.4308765
43503.15711969,33.78000,122.3415,32.72000,15254.15,162.5421,0.4299613
43503.15781414,33.58000,122.3415,32.59000,15253.13,162.6167,0.4301602
43503.15850858,33.73000,122.3415,33.10000,15253.13,162.6637,0.4304984
43503.15920302,33.90000,122.3415,33.75000,15252.45,162.5541,0.4303393
43503.15989747,34.18000,122.3415,33.70000,15253.64,162.5743,0.4299414
43503.16059193,34.21000,122.3415,34.63000,15252.79,162.6250,0.4305084
43503.16128636,33.95000,122.3415,33.33000,15253.47,162.5577,0.4302497
43503.16198080,33.60000,122.3415,33.63000,15252.96,162.6305,0.4304189
43503.16267524,33.89000,122.3415,33.02000,15251.60,162.5854,0.4302000
43503.16336969,34.03000,122.3415,33.79000,15252.62,162.6195,0.4302796
43503.16406413,33.99000,122.3415,34.38000,15252.96,162.6600,0.4299414
43503.16475858,34.04000,122.3415,34.53000,15251.43,162.6342,0.4304587
43503.16545302,33.69000,122.3415,34.27000,15251.43,162.5863,0.4300011
43503.16614747,34.13000,122.3415,33.70000,15250.92,162.6406,0.4303194
43503.16684191,33.98000,122.3415,33.58000,15251.43,162.5808,0.4300906
43503.16753636,33.87000,122.3415,34.34000,15250.58,162.6149,0.4302597
43503.16823080,34.27000,122.3415,33.33000,15249.56,162.5670,0.4303094
43503.16892525,33.97000,122.3415,34.03000,15248.54,162.6526,0.4299812
43503.16961969,34.35000,122.3415,33.70000,15248.03,162.6674,0.4303791
43503.17031417,33.81000,122.3415,33.18000,15249.22,162.5559,0.4300110
43503.17100858,33.80000,122.3415,33.08000,15248.71,162.6360,0.4299613
43503.17170303,33.84000,122.3415,32.57000,15247.69,162.6360,0.4300607
43503.17239749,34.07000,122.3415,33.39000,15247.69,162.6066,0.4300508
43503.17309192,34.13000,122.3415,34.45000,15247.18,162.5826,0.4304487
43503.17378636,34.05000,122.3415,33.85000,15245.82,162.5670,0.4302100
43503.17448080,34.38000,122.3415,34.51000,15246.50,162.5927,0.4302199
43503.17517525,34.33000,122.3415,33.88000,15245.65,162.6287,0.4299215
43503.17586969,34.60000,122.3415,34.37000,15244.80,162.6674,0.4299712
43503.17656413,34.33000,122.3415,34.13000,15243.95,162.5568,0.4297225
43503.17725858,34.12000,122.3415,33.82000,15246.33,162.6904,0.4306477
43503.17795303,34.36000,122.3415,34.39000,15243.78,162.5485,0.4300707
43503.17864747,33.73000,122.3415,33.00000,15245.31,162.6287,0.4309660
43503.17934192,34.17000,122.3415,32.74000,15245.14,162.4914,0.4294738
43503.18003636,33.92000,122.3415,33.43000,15245.65,162.6803,0.4301304
43503.18073080,33.69000,122.3415,33.21000,15248.20,162.6425,0.4303492
43503.18142526,33.84000,122.3415,33.04000,15246.50,162.5688,0.4301204
43503.18211969,33.79000,122.3415,32.91000,15248.54,162.5946,0.4300508
43503.18281414,33.95000,122.3415,33.82000,15247.86,162.6729,0.4299414
43503.18350858,34.27000,122.3415,33.90000,15248.37,162.5845,0.4301503
43503.18420302,33.89000,122.3415,34.16000,15248.03,162.6489,0.4302000
43503.18489747,34.06000,122.3415,34.68000,15249.05,162.5780,0.4301503
43503.18559191,34.22000,122.3415,34.10000,15249.73,162.5918,0.4303393
43503.18628637,34.10000,122.3415,33.93000,15249.73,162.5200,0.4305581
43503.18698080,34.15000,122.3415,34.03000,15249.90,162.5080,0.4301403
43503.18767525,34.21000,122.3415,34.07000,15250.92,162.6195,0.4301105
43503.18836970,34.22000,122.3415,33.80000,15250.75,162.5237,0.4303194
43503.18906414,34.12000,122.3415,34.66000,15250.41,162.5448,0.4301602
43503.18975858,34.41000,122.3415,33.91000,15250.24,162.6895,0.4302497
43503.19045303,34.23000,122.3415,33.31000,15249.39,162.5319,0.4302100
43503.19114747,34.14000,122.3415,33.39000,15249.39,162.6075,0.4300209
43503.19184191,33.97000,122.3415,33.61000,15250.07,162.6093,0.4304487
43503.19253636,34.20000,122.3415,34.21000,15250.58,162.6416,0.4303890
43503.19323081,34.00000,122.3415,33.97000,15250.75,162.5319,0.4302497
43503.19392524,34.27000,122.3415,33.71000,15250.58,162.6351,0.4301403
43503.19461970,33.93000,122.3415,33.43000,15250.41,162.6646,0.4303990
43503.19531414,33.66000,122.3415,32.87000,15251.60,162.6130,0.4302199
43503.19600858,33.81000,122.3415,32.94000,15251.94,162.6158,0.4303194
43503.19670303,34.07000,122.3415,32.98000,15252.45,162.5596,0.4300011
43503.19739747,33.91000,122.3415,33.28000,15252.79,162.5983,0.4302299
43503.19809191,33.92000,122.3415,33.95000,15252.79,162.5891,0.4302199
43503.19878636,34.00000,122.3415,34.30000,15252.62,162.6029,0.4305979
43503.19948080,34.17000,122.3415,34.34000,15251.77,162.5845,0.4301503
43503.20017526,34.19000,122.3415,34.35000,15252.96,162.5909,0.4305283
43503.20086969,34.30000,122.3415,34.02000,15254.15,162.5946,0.4300508
43503.20156414,34.14000,122.3415,33.75000,15253.30,162.5725,0.4301801
43503.20225858,34.16000,122.3415,33.76000,15253.64,162.6462,0.4300508
43503.20295303,33.89000,122.3415,33.31000,15254.32,162.6710,0.4302895
43503.20364748,33.97000,122.3415,32.70000,15253.47,162.5872,0.4303094
43503.20434192,34.17000,122.3415,34.54000,15255.17,162.6139,0.4303293
43503.20503635,34.26000,122.3415,34.25000,15252.96,162.6314,0.4303293
43503.20573080,34.22000,122.3415,33.60000,15253.64,162.5734,0.4302199
43503.20642525,34.23000,122.3415,33.75000,15253.98,162.6296,0.4301602
43503.20711969,34.04000,122.3415,33.00000,15253.81,162.6793,0.4304587
43503.20781413,33.81000,122.3415,32.45000,15252.11,162.5375,0.4299613
43503.20850858,33.75000,122.3415,32.71000,15253.13,162.6738,0.4302398
43503.20920302,34.08000,122.3415,33.20000,15254.49,162.5670,0.4303691
43503.20989747,33.75000,122.3415,32.55000,15253.30,162.6360,0.4302995
43503.21059191,33.88000,122.3415,33.06000,15252.79,162.5771,0.4303194
43503.21128637,33.78000,122.3415,32.76000,15254.32,162.5237,0.4299911
43503.21198084,34.57000,122.3415,33.16000,15254.83,162.6655,0.4300508
43503.21267525,34.52000,122.3415,34.35000,15253.13,162.6084,0.4302995
43503.21336970,34.67000,122.3415,35.43000,15254.32,162.5845,0.4304587
43503.21406414,34.54000,122.3415,35.03000,15254.32,162.5927,0.4305084
43503.21475859,34.67000,122.3415,34.92000,15254.66,162.5651,0.4304587
43503.21545303,34.32000,122.3415,35.19000,15256.36,162.5448,0.4300309
43503.21614746,34.18000,122.3415,34.12000,15254.15,162.5798,0.4303393
43503.21684192,34.19000,122.3415,33.38000,15254.32,162.5550,0.4303890
43503.21753636,34.13000,122.3415,34.08000,15255.34,162.5485,0.4302597
43503.21823080,34.25000,122.3415,33.88000,15254.49,162.6360,0.4305780
43503.21892525,34.07000,122.3415,34.13000,15255.85,162.5246,0.4302299
43503.21961969,34.41000,122.3415,33.82000,15254.49,162.5771,0.4305780
43503.22031414,34.13000,122.3415,33.75000,15253.47,162.5633,0.4302497
43503.22100858,34.67000,122.3415,34.87000,15254.66,162.6084,0.4302895
43503.22170302,34.51000,122.3415,34.67000,15254.15,162.5448,0.4301602
43503.22239747,34.38000,122.3415,34.22000,15253.47,162.6102,0.4305581
43503.22309191,34.03000,122.3415,33.67000,15252.79,162.5725,0.4299812
43503.22378636,34.13000,122.3415,33.66000,15252.11,162.6600,0.4304288
43503.22448081,33.94000,122.3415,33.93000,15251.94,162.5541,0.4303691
43503.22517525,34.47000,122.3415,33.70000,15251.77,162.5577,0.4302796
43503.22586969,34.43000,122.3415,34.55000,15249.56,162.5273,0.4300408
43503.22656414,34.56000,122.3415,34.10000,15250.41,162.6296,0.4303791
43503.22725858,34.24000,122.3415,33.73000,15251.26,162.5974,0.4303592
43503.22795302,34.28000,122.3415,33.88000,15251.26,162.5937,0.4299613
43503.22864747,34.60000,122.3415,35.00000,15250.07,162.6084,0.4304786
43503.22934191,34.35000,122.3415,34.47000,15249.39,162.6047,0.4303791
43503.23003636,34.21000,122.3415,33.89000,15247.86,162.5098,0.4298817
43503.23073081,34.35000,122.3415,34.75000,15249.90,162.6489,0.4301801
43503.23142525,34.25000,122.3415,34.74000,15248.88,162.5789,0.4302995
43503.23211969,34.06000,122.3415,33.86000,15248.88,162.6259,0.4298319
43503.23281414,33.66000,122.3415,33.59000,15248.37,162.6913,0.4300906
43503.23350858,33.87000,122.3415,33.70000,15247.52,162.5679,0.4300607
43503.23420302,34.01000,122.3415,33.01000,15247.69,162.7014,0.4298518
43503.23489747,34.07000,122.3415,33.30000,15247.18,162.6793,0.4300806
43503.23559192,34.14000,122.3415,33.61000,15247.69,162.5439,0.4302497
43503.23628636,34.16000,122.3415,33.81000,15245.82,162.6195,0.4301602
43503.23698081,34.21000,122.3415,33.69000,15245.82,162.6434,0.4298916
43503.23767525,34.36000,122.3415,33.93000,15244.97,162.6333,0.4303393
43503.23836969,34.21000,122.3415,33.92000,15245.82,162.6351,0.4292450
43503.23906414,34.04000,122.3415,33.92000,15246.84,162.7429,0.4302597
43503.23975858,34.02000,122.3415,34.22000,15244.12,162.5439,0.4300408
43503.24045302,34.44000,122.3415,33.82000,15244.80,162.6453,0.4304388
43503.24114747,33.91000,122.3415,33.39000,15244.46,162.6277,0.4298220
43503.24184192,34.17000,122.3415,33.64000,15242.08,162.6434,0.4303293
43503.24253636,34.65000,122.3415,34.46000,15244.63,162.5587,0.4301005
43503.24323081,34.35000,122.3415,33.88000,15244.46,162.5771,0.4301702
43503.24392525,34.11000,122.3415,33.42000,15243.27,162.6397,0.4301801
43503.24461969,33.92000,122.3415,33.56000,15243.95,162.5891,0.4299911
43503.24531414,34.00000,122.3415,33.50000,15242.76,162.6121,0.4299016
43503.24600858,34.09000,122.3415,33.05000,15242.76,162.6545,0.4303393
43503.24670303,33.97000,122.3415,33.36000,15242.08,162.5273,0.4298518
43503.24739747,34.05000,122.3415,34.03000,15241.06,162.5835,0.4300110
43503.24809191,34.06000,122.3415,33.05000,15241.91,162.6066,0.4303990
43503.24878635,33.84000,122.3415,32.93000,15242.42,162.6084,0.4298120
43503.24948081,34.31000,122.3415,33.69000,15242.42,162.6581,0.4300408
43503.25017525,34.00000,122.3415,34.05000,15242.25,162.6222,0.4299911
43503.25086969,34.18000,122.3415,34.92000,15242.25,162.6066,0.4299215
43503.25156414,33.87000,122.3415,33.58000,15243.27,162.6324,0.4300806
43503.25225858,33.69000,122.3415,32.84000,15242.59,162.5679,0.4303194
43503.25295302,34.18000,122.3415,33.47000,15242.42,162.6324,0.4299513
43503.25364748,34.29000,122.3415,33.86000,15243.78,162.6176,0.4303094
43503.25434191,34.08000,122.3415,33.55000,15244.63,162.6185,0.4300707
43503.25503636,34.00000,122.3415,33.87000,15245.99,162.6425,0.4300209
43503.25573081,33.64000,122.3415,32.94000,15243.78,162.5467,0.4300110
43503.25642525,33.80000,122.3415,33.70000,15246.50,162.6388,0.4301005
43503.25711969,33.97000,122.3415,33.79000,15245.82,162.6370,0.4302100
43503.25781414,34.16000,122.3415,34.33000,15248.03,162.6314,0.4300209
43503.25850858,33.97000,122.3415,33.75000,15248.20,162.6517,0.4303293
43503.25920302,33.88000,122.3415,33.54000,15247.86,162.5983,0.4301503
43503.25989747,33.79000,122.3415,32.91000,15247.69,162.6434,0.4300209
43503.26059192,33.81000,122.3415,34.37000,15249.90,162.6324,0.4303393
43503.26128636,34.15000,122.3415,33.80000,15248.71,162.5734,0.4300806
43503.26198081,33.85000,122.3415,33.93000,15248.71,162.6056,0.4303393
43503.26267525,34.23000,122.3415,34.23000,15248.37,162.6637,0.4301204
43503.26336970,33.84000,122.3415,33.61000,15249.22,162.6434,0.4302796
43503.26406413,33.88000,122.3415,33.19000,15249.56,162.6416,0.4302497
43503.26475858,33.56000,122.3415,33.14000,15249.90,162.5845,0.4300309
43503.26545303,33.42000,122.3415,33.48000,15248.71,162.6204,0.4302299
43503.26614747,33.09000,122.3415,33.06000,15248.37,162.6628,0.4302696
43503.26684191,33.13000,122.3415,33.05000,15248.88,162.5587,0.4300806
43503.26753637,33.48000,122.3415,33.97000,15249.22,162.6231,0.4302497
43503.26823080,33.53000,122.3415,33.14000,15248.37,162.5872,0.4299911
43503.26892525,33.67000,122.3415,33.40000,15248.37,162.6305,0.4302199
43503.26961969,33.11000,122.3415,32.25000,15248.03,162.5955,0.4299016
43503.27031414,33.71000,122.3415,32.81000,15247.69,162.5504,0.4301304
43503.27100858,34.30000,122.3415,34.13000,15246.33,162.5983,0.4304885
43503.27170302,34.33000,122.3415,33.20000,15246.16,162.5402,0.4305183
43503.27239747,34.12000,122.3415,33.69000,15245.99,162.6342,0.4299414
43503.27309191,34.48000,122.3415,33.77000,15245.99,162.5872,0.4297822
43503.27378636,34.22000,122.3415,34.09000,15246.33,162.6581,0.4306576
43503.27448081,34.14000,122.3415,33.55000,15244.46,162.6231,0.4300607
43503.27517525,34.09000,122.3415,33.98000,15245.48,162.5494,0.4298916
43503.27586969,34.28000,122.3415,33.97000,15244.46,162.7143,0.4300110
43503.27656415,34.33000,122.3415,32.57000,15244.29,162.5900,0.4298120
43503.27725858,34.28000,122.3415,31.90000,15243.10,162.6664,0.4300011
43503.27795302,34.32000,122.3415,33.15000,15243.95,162.5918,0.4301304
43503.27864747,34.30000,122.3415,34.21000,15243.10,162.6010,0.4300806
43503.27934191,34.68000,122.3415,34.54000,15243.10,162.5955,0.4305084
43503.28003636,34.59000,122.3415,33.91000,15243.44,162.5835,0.4302398
43503.28073080,34.39000,122.3415,34.11000,15243.44,162.5992,0.4298419
43503.28142525,34.78000,122.3415,34.73000,15242.42,162.5670,0.4304786
43503.28211970,34.53000,122.3415,34.06000,15243.95,162.5273,0.4294738
43503.28281414,34.34000,122.3415,33.37000,15245.31,162.7613,0.4294141
43503.28350858,34.61000,122.3415,35.06000,15245.99,162.7346,0.4306576
43503.28420302,34.31000,122.3415,33.75000,15246.84,162.5338,0.4303393
43503.28489747,34.40000,122.3415,33.70000,15245.99,162.6222,0.4299911
43503.28559192,34.62000,122.3415,34.77000,15248.20,162.5172,0.4302299
43503.28628636,34.79000,122.3415,34.91000,15248.54,162.6047,0.4304885
43503.28698081,34.60000,122.3415,33.49000,15247.69,162.6149,0.4303791
43503.28767525,34.43000,122.3415,33.51000,15248.71,162.5891,0.4302199
43503.28836970,34.62000,122.3415,34.76000,15248.20,162.6010,0.4308665
43503.28906414,34.68000,122.3415,34.29000,15251.09,162.5402,0.4298618
43503.28975858,34.59000,122.3415,33.60000,15249.73,162.6876,0.4301403
43503.29045302,35.01000,122.3415,35.04000,15250.07,162.5937,0.4298319
43503.29114747,34.74000,122.3415,33.95000,15250.41,162.6554,0.4302895
43503.29184192,34.69000,122.3415,34.95000,15250.41,162.5909,0.4310953
43503.29253636,34.69000,122.3415,34.81000,15250.07,162.4205,0.4310157
43503.29323082,34.65000,122.3415,34.68000,15250.07,162.4647,0.4303194
43503.29392527,34.60000,122.3415,34.13000,15249.73,162.6370,0.4311351
43503.29461969,35.01000,122.3415,34.41000,15249.73,162.4398,0.4300806
43503.29531418,34.95000,122.3415,34.22000,15249.56,162.6674,0.4315629
43503.29600859,34.83000,122.3415,34.14000,15250.92,162.3781,0.4365568
43503.29670303,34.69000,122.3415,33.67000,15250.58,161.4136,0.4369049
43503.29739747,34.97000,122.3415,34.28000,15250.92,161.5104,0.4289963
43503.29809192,34.94000,122.3415,34.96000,15251.09,162.8065,0.4317419
43503.29878636,34.71000,122.3415,34.86000,15252.28,162.2869,0.4339205
43503.29948081,34.82000,122.3415,34.18000,15250.75,162.2482,0.4307173
43503.30017525,34.85000,122.3415,34.47000,15252.28,162.6932,0.4356913
43503.30086970,34.95000,122.3415,34.28000,15251.94,161.6421,0.4311053
43503.30156415,34.88000,122.3415,35.22000,15253.13,162.4343,0.4297225
43503.30225858,34.89000,122.3415,35.37000,15253.30,162.7318,0.4293743
43503.30295303,34.72000,122.3415,34.62000,15253.13,162.9188,0.4292152
43503.30364747,34.83000,122.3415,33.54000,15252.28,162.7300,0.4310356
43503.30434191,34.56000,122.3415,33.31000,15253.13,162.4583,0.4292052
43503.30503636,34.80000,122.3415,33.44000,15252.62,162.8092,0.4303194
43503.30573080,35.02000,122.3415,34.96000,15253.98,162.5430,0.4308765
43503.30642526,35.25000,122.3415,35.02000,15254.49,162.5338,0.4302696
43503.30711969,35.12000,122.3415,36.34000,15255.68,162.6176,0.4301204
43503.30781413,35.12000,122.3415,36.28000,15253.13,162.6480,0.4303691
43503.30850858,35.10000,122.3415,34.18000,15255.17,162.5946,0.4298717
43503.30920302,35.25000,122.3415,34.79000,15253.81,162.5946,0.4306676
43503.30989747,34.86000,122.3415,33.51000,15253.64,162.5218,0.4304587
43503.31059192,34.96000,122.3415,33.69000,15253.30,162.5494,0.4300707
43503.31128636,35.21000,122.3415,35.32000,15253.98,162.5798,0.4301901
43503.31198080,35.44000,122.3415,35.01000,15252.62,162.5946,0.4304984
43503.31267525,35.12000,122.3415,34.59000,15252.62,162.6158,0.4301105
43503.31336969,35.24000,122.3415,34.30000,15252.62,162.6821,0.4302199
43503.31406413,34.94000,122.3415,34.94000,15252.96,162.5476,0.4308267
43503.31475858,35.12000,122.3415,35.10000,15251.26,162.5798,0.4303094
43503.31545302,35.44000,122.3415,35.32000,15251.77,162.5467,0.4302398
43503.31614747,35.42000,122.3415,35.81000,15251.09,162.6388,0.4305183
43503.31684191,35.53000,122.3415,36.07000,15249.73,162.6830,0.4304288
43503.31753636,34.82000,122.3415,35.32000,15250.41,162.5918,0.4299812
43503.31823081,35.15000,122.3415,34.97000,15250.41,162.6084,0.4307770
43503.31892525,34.94000,122.3415,33.63000,15250.41,162.5402,0.4297225
43503.31961969,34.94000,122.3415,33.81000,15248.71,162.6628,0.4292848
43503.32031414,34.98000,122.3415,34.58000,15248.88,162.7024,0.4313341
43503.32100858,35.31000,122.3415,34.38000,15248.37,162.3569,0.4304984
43503.32170302,34.96000,122.3415,34.19000,15250.07,162.5679,0.4324681
43503.32239747,35.29000,122.3415,34.43000,15250.07,162.0870,0.4303492
43503.32309191,35.58000,122.3415,35.41000,15249.05,162.6287,0.4297126
43503.32378636,35.24000,122.3415,35.78000,15251.26,162.6351,0.4300906
43503.32448081,35.53000,122.3415,36.45000,15249.73,162.6130,0.4305482
43503.32517526,35.50000,122.3415,35.95000,15249.05,162.5522,0.4298120
43503.32586969,35.06000,122.3415,34.75000,15250.41,162.7797,0.4301901
43503.32656415,35.20000,122.3415,35.62000,15250.92,162.5596,0.4308566
43503.32725858,35.10000,122.3415,35.35000,15249.39,162.4794,0.4311550
43503.32795303,35.14000,122.3415,34.35000,15251.43,162.5329,0.4283994
43503.32864746,35.39000,122.3415,35.49000,15251.26,162.9474,0.4348656
43503.32934191,35.25000,122.3415,34.84000,15251.09,161.8890,0.4309063
43503.33003636,35.41000,122.3415,35.43000,15252.11,162.5541,0.4283895
43503.33073080,35.52000,122.3415,35.86000,15251.43,162.7982,0.4319011
43503.33142525,35.36000,122.3415,34.49000,15251.26,162.3680,0.4331247
43503.33211969,35.38000,122.3415,35.30000,15251.43,161.9452,0.4312644
43503.33281414,35.63000,122.3415,35.35000,15250.92,162.5190,0.4289466
43503.33350858,35.61000,122.3415,35.27000,15250.75,162.8405,0.4324781
43503.33420301,35.62000,122.3415,35.36000,15250.92,162.2399,0.4305681
43503.33489747,35.43000,122.3415,34.56000,15250.58,162.5347,0.4302199
43503.33559191,35.34000,122.3415,33.80000,15251.26,162.5301,0.4298120
43503.33628636,35.74000,122.3415,33.90000,15248.71,162.6766,0.4296031
43503.33698083,35.47000,122.3415,34.99000,15249.56,162.7604,0.4254946
43503.33767525,35.72000,122.3415,35.90000,15249.39,163.2403,0.4300110
43503.33836969,35.54000,122.3415,35.24000,15248.20,162.7042,0.4294639
43503.33906415,35.67000,122.3415,34.66000,15247.86,162.7107,0.4285288
43503.33975858,35.53000,122.3415,34.57000,15247.18,162.8350,0.4317320
43503.34045302,35.52000,122.3415,35.53000,15248.03,162.2584,0.4295633
43503.34114747,35.97000,122.3415,36.12000,15248.71,162.7420,0.4305084
43503.34184191,35.96000,122.3415,36.32000,15247.86,162.5476,0.4295633
43503.34253636,35.56000,122.3415,35.03000,15246.67,162.7208,0.4303293
43503.34323081,35.84000,122.3415,35.49000,15248.54,162.5098,0.4309958
43503.34392525,35.85000,122.3415,36.53000,15248.20,162.4481,0.4300011
43503.34461969,35.62000,122.3415,35.75000,15248.54,162.6609,0.4314336
43503.34531414,35.69000,122.3415,34.39000,15249.22,162.4619,0.4301801
43503.34600859,35.76000,122.3415,34.84000,15248.88,162.5752,0.4330551
43503.34670302,35.79000,122.3415,35.04000,15248.88,162.0686,0.4300408
43503.34739747,35.77000,122.3415,35.78000,15250.24,162.6370,0.4300508
43503.34809191,35.77000,122.3415,36.19000,15250.58,162.5964,0.4294340
43503.34878636,35.64000,122.3415,34.39000,15252.45,162.8065,0.4302796
43503.34948080,35.92000,122.3415,34.93000,15251.09,162.5660,0.4296827
43503.35017525,36.25000,122.3415,36.36000,15251.60,162.6600,0.4298916
43503.35086969,35.52000,122.3415,36.11000,15250.75,162.6591,0.4276135
43503.35156414,35.53000,122.3415,35.73000,15251.43,163.0119,0.4313440
43503.35225858,35.63000,122.3415,36.24000,15250.75,162.4269,0.4297225
43503.35295302,35.94000,122.3415,36.85000,15250.58,162.6241,0.4288869
43503.35364747,35.69000,122.3415,35.03000,15250.75,162.7908,0.4311650
43503.35434191,35.40000,122.3415,34.40000,15250.07,162.4472,0.4304487
43503.35503636,35.62000,122.3415,35.12000,15250.58,162.7162,0.4308367
43503.35573080,35.72000,122.3415,36.24000,15251.43,162.4638,0.4300110
43503.35642524,35.98000,122.3415,36.74000,15250.92,162.5983,0.4317817
43503.35711969,36.02000,122.3415,35.84000,15250.24,162.3099,0.4300707
43503.35781413,35.59000,122.3415,36.17000,15249.39,162.6084,0.4308864
43503.35850858,35.56000,122.3415,34.71000,15249.22,162.4776,0.4306178
43503.35920302,35.27000,122.3415,34.78000,15249.90,162.5347,0.4307173
43503.35989746,35.68000,122.3415,35.59000,15249.73,162.5587,0.4295534
43503.36059191,35.39000,122.3415,35.02000,15248.71,162.7309,0.4308665
43503.36128636,35.65000,122.3415,34.59000,15248.37,162.5485,0.4298319
43503.36198080,35.74000,122.3415,34.99000,15248.54,162.5854,0.4311849
43503.36267525,35.65000,122.3415,35.40000,15248.20,162.3735,0.4299215
43503.36336970,35.91000,122.3415,36.23000,15248.54,162.6517,0.4298817
43503.36406413,35.55000,122.3415,35.69000,15247.52,162.6149,0.4307770
43503.36475858,35.71000,122.3415,35.10000,15248.03,162.5108,0.4289466
43503.36545302,35.62000,122.3415,34.60000,15246.67,162.8930,0.4297325
43503.36614747,35.89000,122.3415,36.53000,15248.37,162.6830,0.4295434
43503.36684190,35.38000,122.3415,34.86000,15247.69,162.6379,0.4304984
43503.36753636,35.47000,122.3415,34.44000,15248.71,162.5927,0.4326671
43503.36823080,35.62000,122.3415,33.87000,15248.03,162.2049,0.4293047
43503.36892525,35.76000,122.3415,34.94000,15248.88,162.7917,0.4300607
43503.36961969,35.55000,122.3415,35.42000,15249.22,162.5660,0.4301602
43503.37031414,35.84000,122.3415,35.79000,15249.39,162.6867,0.4297424
43503.37100858,35.81000,122.3415,34.86000,15249.39,162.6747,0.4301005
43503.37170302,35.52000,122.3415,34.77000,15249.56,162.6195,0.4299812
43503.37239747,35.73000,122.3415,34.84000,15249.73,162.6618,0.4321797
43503.37309192,35.98000,122.3415,36.18000,15250.24,162.3477,0.4291555
43503.37378636,35.86000,122.3415,35.00000,15250.24,162.7236,0.4300408
43503.37448081,36.04000,122.3415,36.82000,15250.92,162.6185,0.4291157
43503.37517524,35.86000,122.3415,36.37000,15251.43,162.7530,0.4303691
43503.37586969,36.23000,122.3415,35.96000,15250.07,162.5108,0.4299513
43503.37656415,35.62000,122.3415,34.95000,15249.73,162.6572,0.4304189
43503.37725858,35.76000,122.3415,35.37000,15250.07,162.5531,0.4305283
43503.37795302,35.97000,122.3415,36.13000,15250.75,162.5872,0.4299513
43503.37864749,36.17000,122.3415,35.72000,15249.73,162.6204,0.4296429
43503.37934191,35.90000,122.3415,34.93000,15249.22,162.6370,0.4301503
43503.38003636,36.03000,122.3415,35.09000,15250.24,162.5863,0.4306278
43503.38073080,36.14000,122.3415,35.70000,15248.71,162.6158,0.4302199
43503.38142525,35.97000,122.3415,36.76000,15248.54,162.6674,0.4314336
43503.38211969,36.01000,122.3415,36.41000,15248.71,162.3680,0.4300110
43503.38281413,36.07000,122.3415,35.91000,15248.20,162.5531,0.4295235
43503.38350858,35.92000,122.3415,34.87000,15247.86,162.7355,0.4305979
43503.38420303,36.14000,122.3415,36.41000,15248.20,162.5098,0.4298021
43503.38489747,35.77000,122.3415,34.37000,15247.69,162.6185,0.4302696
43503.38559191,35.74000,122.3415,34.43000,15246.16,162.6305,0.4297822
43503.38628636,36.31000,122.3415,36.05000,15246.50,162.6710,0.4299613
43503.38698080,36.02000,122.3415,36.29000,15247.01,162.6139,0.4301801
43503.38767525,35.84000,122.3415,36.52000,15247.01,162.6416,0.4301304
43503.38836969,35.97000,122.3415,34.74000,15247.86,162.5974,0.4304288
43503.38906414,36.02000,122.3415,35.36000,15246.33,162.5946,0.4302895
43503.38975858,36.06000,122.3415,35.96000,15247.69,162.5679,0.4300408
43503.39045302,35.99000,122.3415,35.07000,15247.18,162.6029,0.4300707
43503.39114746,36.31000,122.3415,37.35000,15248.03,162.6121,0.4302299
43503.39184192,35.92000,122.3415,35.90000,15247.52,162.5937,0.4302696
43503.39253636,36.07000,122.3415,36.36000,15247.86,162.5780,0.4298120
43503.39323080,36.30000,122.3415,36.16000,15249.39,162.6674,0.4299215
43503.39392525,36.05000,122.3415,35.32000,15249.05,162.5577,0.4302398
43503.39461969,36.34000,122.3415,36.64000,15248.71,162.6324,0.4302100
43503.39531414,35.73000,122.3415,34.67000,15248.54,162.5927,0.4304189
43503.39600858,36.07000,122.3415,35.01000,15249.73,162.5237,0.4302895
43503.39670302,35.86000,122.3415,34.47000,15250.24,162.5412,0.4299712
43503.39739746,36.33000,122.3415,35.31000,15250.07,162.6250,0.4303393
43503.39809192,36.33000,122.3415,35.02000,15249.90,162.6222,0.4302895
43503.39878636,36.26000,122.3415,35.34000,15249.22,162.6480,0.4301204
43503.39948080,36.34000,122.3415,35.82000,15249.05,162.5955,0.4302696
43503.40017525,36.75000,122.3415,37.03000,15248.71,162.5863,0.4302796
43503.40086969,36.34000,122.3415,37.50000,15249.56,162.6416,0.4300011
43503.40156415,36.11000,122.3415,35.71000,15249.39,162.6489,0.4303492
43503.40225859,36.55000,122.3415,35.46000,15249.39,162.5458,0.4296031
43503.40295303,36.27000,122.3415,36.67000,15247.69,162.6508,0.4304089
43503.40364747,36.55000,122.3415,36.97000,15248.71,162.5808,0.4303393
43503.40434192,36.68000,122.3415,37.13000,15248.03,162.6213,0.4301602
43503.40503636,36.15000,122.3415,36.61000,15248.03,162.5375,0.4298916
43503.40573081,36.06000,122.3415,34.58000,15247.69,162.6370,0.4301801
43503.40642526,36.19000,122.3415,35.30000,15247.01,162.6618,0.4302299
43503.40711969,36.15000,122.3415,36.27000,15246.84,162.6149,0.4304089
43503.40781414,36.31000,122.3415,37.96000,15246.84,162.6084,0.4302796
43503.40850858,36.53000,122.3415,37.15000,15245.65,162.5679,0.4301702
43503.40920302,35.98000,122.3415,34.75000,15247.01,162.6268,0.4305283
43503.40989747,35.93000,122.3415,34.50000,15245.14,162.5181,0.4299414
43503.41059192,36.49000,122.3415,36.53000,15245.31,162.6176,0.4302895
43503.41128636,36.93000,122.3415,37.39000,15247.35,162.5633,0.4300806
43503.41198081,36.59000,122.3415,36.16000,15245.99,162.6710,0.4298220
43503.41267525,36.34000,122.3415,35.40000,15245.99,162.6029,0.4300607
43503.41336969,36.28000,122.3415,36.14000,15246.33,162.5974,0.4298319
43503.41406415,36.64000,122.3415,37.73000,15244.97,162.6591,0.4296728
43503.41475858,36.36000,122.3415,34.98000,15245.31,162.6204,0.4296728
43503.41545302,36.72000,122.3415,35.75000,15247.35,162.6158,0.4304686
43503.41614747,36.56000,122.3415,35.69000,15245.99,162.6093,0.4303592
43503.41684191,36.33000,122.3415,35.15000,15245.14,162.5642,0.4296628
43503.41753636,36.62000,122.3415,36.83000,15246.16,162.6388,0.4299016
43503.41823080,36.80000,122.3415,36.89000,15245.48,162.6959,0.4302398
43503.41892525,36.74000,122.3415,37.80000,15244.97,162.5273,0.4302100
43503.41961970,36.46000,122.3415,35.28000,15246.67,162.6093,0.4299613
43503.42031415,36.49000,122.3415,35.64000,15244.97,162.5845,0.4301403
43503.42100858,36.57000,122.3415,35.96000,15244.29,162.6406,0.4302398
43503.42170302,36.59000,122.3415,35.81000,15244.12,162.6158,0.4298717
43503.42239747,36.44000,122.3415,36.62000,15244.12,162.6287,0.4303492
43503.42309192,36.70000,122.3415,35.92000,15244.29,162.5614,0.4296230
43503.42378636,36.75000,122.3415,36.82000,15244.63,162.7420,0.4298916
43503.42448080,36.77000,122.3415,38.14000,15244.80,162.5900,0.4299115
43503.42517524,36.68000,122.3415,36.80000,15245.48,162.6102,0.4299513
43503.42586970,36.39000,122.3415,35.57000,15244.29,162.7060,0.4301304
43503.42656414,36.47000,122.3415,36.32000,15242.93,162.6176,0.4301105
43503.42725859,36.41000,122.3415,35.86000,15243.95,162.5964,0.4297126
43503.42795302,36.79000,122.3415,37.23000,15243.78,162.7097,0.4296230
43503.42864747,36.14000,122.3415,34.71000,15244.46,162.7245,0.4302895
43503.42934191,36.35000,122.3415,35.22000,15242.76,162.5467,0.4294639
43503.43003636,36.39000,122.3415,35.37000,15243.95,162.6489,0.4301304
43503.43073080,36.52000,122.3415,37.17000,15244.29,162.5983,0.4301204
43503.43142525,36.59000,122.3415,37.44000,15243.10,162.6158,0.4299115
43503.43211969,36.20000,122.3415,35.89000,15242.42,162.6121,0.4300309
43503.43281414,36.71000,122.3415,35.71000,15243.10,162.6010,0.4297126
43503.43350859,36.88000,122.3415,36.93000,15243.95,162.6360,0.4304089
43503.43420302,36.63000,122.3415,35.67000,15242.93,162.6112,0.4300707
43503.43489748,36.52000,122.3415,37.35000,15242.76,162.5743,0.4298120
43503.43559191,36.56000,122.3415,35.22000,15242.08,162.5144,0.4302597
43503.43628636,36.77000,122.3415,35.67000,15243.61,162.6941,0.4301105
43503.43698080,36.89000,122.3415,36.96000,15242.76,162.5974,0.4296131
43503.43767525,36.79000,122.3415,36.91000,15241.91,162.6020,0.4301304
43503.43836970,36.64000,122.3415,35.23000,15243.95,162.6351,0.4298916
43503.43906415,36.85000,122.3415,36.87000,15242.42,162.6222,0.4301702
43503.43975859,36.76000,122.3415,35.41000,15242.25,162.5522,0.4301304
43503.44045302,36.93000,122.3415,36.55000,15242.42,162.6443,0.4300011
43503.44114746,36.95000,122.3415,36.24000,15241.40,162.6360,0.4299115
43503.44184191,36.69000,122.3415,36.75000,15244.29,162.6554,0.4298618
43503.44253636,37.23000,122.3415,37.49000,15242.42,162.5384,0.4299016
43503.44323080,36.61000,122.3415,35.00000,15242.93,162.6296,0.4298916
43503.44392525,37.32000,122.3415,37.35000,15243.27,162.5651,0.4301901
43503.44461969,36.89000,122.3415,36.84000,15243.27,162.6425,0.4296230
43503.44531414,37.09000,122.3415,37.46000,15241.40,162.5384,0.4298717
43503.44600859,36.94000,122.3415,37.99000,15242.08,162.6360,0.4299712
43503.44670302,36.81000,122.3415,37.32000,15241.57,162.6434,0.4301602
43503.44739747,36.72000,122.3415,35.24000,15240.39,162.5614,0.4293843
43503.44809191,37.33000,122.3415,37.01000,15242.08,162.7438,0.4301005
43503.44878636,37.27000,122.3415,37.47000,15241.57,162.5716,0.4301304
43503.44948080,36.72000,122.3415,35.37000,15241.74,162.6351,0.4303691
43503.45017525,36.95000,122.3415,36.96000,15241.74,162.6139,0.4301105
43503.45086969,37.22000,122.3415,38.24000,15240.73,162.6259,0.4297623
43503.45156414,36.37000,122.3415,34.36000,15241.40,162.6001,0.4298021
43503.45225858,36.94000,122.3415,36.48000,15240.89,162.6867,0.4303990
43503.45295302,37.20000,122.3415,37.19000,15240.39,162.5872,0.4296330
43503.45364748,37.19000,122.3415,37.97000,15240.39,162.6591,0.4298618
43503.45434191,36.96000,122.3415,37.06000,15240.39,162.6618,0.4301801
43503.45503636,36.71000,122.3415,35.69000,15240.22,162.5900,0.4299215
43503.45573080,37.08000,122.3415,37.55000,15241.57,162.5900,0.4300408
43503.45642526,37.16000,122.3415,37.37000,15241.06,162.6158,0.4299513
43503.45711969,37.38000,122.3415,37.03000,15240.56,162.6222,0.4299812
43503.45781414,37.49000,122.3415,38.76000,15240.39,162.5743,0.4300508
43503.45850859,37.00000,122.3415,38.25000,15240.56,162.6093,0.4305581
43503.45920303,36.40000,122.3415,36.19000,15239.88,162.5025,0.4302597
43503.45989747,36.61000,122.3415,34.58000,15240.39,162.5835,0.4296529
43503.46059191,36.61000,122.3415,36.09000,15240.56,162.6867,0.4298618
43503.46128636,36.61000,122.3415,35.34000,15239.71,162.6609,0.4300707
43503.46198082,37.34000,122.3415,37.96000,15240.56,162.6213,0.4300707
43503.46267525,37.00000,122.3415,37.72000,15239.20,162.5845,0.4301901
43503.46336969,36.86000,122.3415,36.35000,15241.23,162.6545,0.4294738
43503.46406414,36.75000,122.3415,34.74000,15240.05,162.6130,0.4300408
43503.46475858,36.94000,122.3415,36.13000,15238.18,162.6093,0.4298021
43503.46545302,37.37000,122.3415,37.77000,15238.69,162.6158,0.4303293
43503.46614747,37.11000,122.3415,37.13000,15239.20,162.5900,0.4296529
43503.46684191,37.08000,122.3415,36.57000,15238.86,162.6158,0.4298021
43503.46753636,36.72000,122.3415,33.79000,15239.88,162.6628,0.4300011
43503.46823081,37.43000,122.3415,37.51000,15239.03,162.5605,0.4296728
43503.46892525,36.63000,122.3415,36.53000,15239.54,162.6535,0.4299911
43503.46961972,37.02000,122.3415,36.87000,15239.20,162.6287,0.4298817
43503.47031414,37.28000,122.3415,38.60000,15238.86,162.6747,0.4299016
43503.47100859,37.21000,122.3415,37.64000,15238.86,162.6517,0.4296628
43503.47170302,36.64000,122.3415,34.72000,15239.37,162.6342,0.4302299
43503.47239746,36.92000,122.3415,35.28000,15238.35,162.6370,0.4295832
43503.47309192,36.95000,122.3415,37.46000,15238.52,162.7171,0.4301403
43503.47378636,36.71000,122.3415,36.48000,15239.71,162.5651,0.4297225
43503.47448080,37.35000,122.3415,38.04000,15238.86,162.6342,0.4295434
43503.47517524,37.23000,122.3415,38.16000,15239.54,162.7613,0.4300607
43503.47586969,36.86000,122.3415,35.33000,15238.01,162.6416,0.4294042
43503.47656414,36.81000,122.3415,37.04000,15239.20,162.6978,0.4300707
43503.47725858,36.62000,122.3415,36.10000,15237.84,162.6259,0.4298817
43503.47795303,36.85000,122.3415,36.14000,15238.52,162.6342,0.4297126
43503.47864747,36.78000,122.3415,36.39000,15238.52,162.6517,0.4298120
43503.47934192,37.22000,122.3415,37.33000,15239.37,162.5725,0.4300607
43503.48003636,36.84000,122.3415,35.26000,15238.69,162.6858,0.4302696
43503.48073081,36.84000,122.3415,34.98000,15238.69,162.5430,0.4298916
43503.48142525,37.17000,122.3415,37.15000,15238.69,162.6333,0.4297424
43503.48211969,37.20000,122.3415,37.87000,15238.86,162.6664,0.4296031
43503.48281413,36.70000,122.3415,35.79000,15239.88,162.7715,0.4301801
43503.48350858,36.83000,122.3415,37.53000,15238.52,162.6830,0.4295037
